# 
ch2a	ch2a avglen	Delay	a	
7100.56	200.0	0.0	0	13-12-23 15:03:26.836346
7125.885	200.0	0.0	0	13-12-23 15:03:26.858736
7141.405	200.0	0.0	0	13-12-23 15:03:26.882653
7159.74	200.0	0.0	0	13-12-23 15:03:26.908224
7183.975	200.0	0.0	0	13-12-23 15:03:26.931136
7199.655	200.0	0.0	0	13-12-23 15:03:26.953551
7149.03	200.0	0.0	0	13-12-23 15:03:26.977625
7190.8	200.0	0.0	0	13-12-23 15:03:27.003138
7193.585	200.0	0.0	0	13-12-23 15:03:27.026034
7345.36	200.0	0.0	0	13-12-23 15:03:27.048675
7359.365	200.0	0.0	0	13-12-23 15:03:27.074164
7817.575	200.0	0.0	0	13-12-23 15:03:27.100297
8433.95	200.0	0.0	0	13-12-23 15:03:27.122378
8453.265	200.0	0.0	0	13-12-23 15:03:27.147399
9177.785	200.0	0.0	0	13-12-23 15:03:27.169850
9566.155	200.0	0.0	0	13-12-23 15:03:27.192950
10351.8	200.0	0.0	0	13-12-23 15:03:27.219254
11566.52	200.0	0.0	0	13-12-23 15:03:27.249499
11962.25	200.0	0.0	0	13-12-23 15:03:27.272929
12724.44	200.0	0.0	0	13-12-23 15:03:27.295370
13409.0	200.0	0.0	0	13-12-23 15:03:27.317724
13739.4	200.0	0.0	0	13-12-23 15:03:27.340797
14896.16	200.0	0.0	0	13-12-23 15:03:27.363503
14888.87	200.0	0.0	0	13-12-23 15:03:27.385276
15742.07	200.0	0.0	0	13-12-23 15:03:27.407031
15878.43	200.0	0.0	0	13-12-23 15:03:27.428771
16232.82	200.0	0.0	0	13-12-23 15:03:27.453627
16304.18	200.0	0.0	0	13-12-23 15:03:27.475444
16338.69	200.0	0.0	0	13-12-23 15:03:27.497809
16130.25	200.0	0.0	0	13-12-23 15:03:27.520673
16033.97	200.0	0.0	0	13-12-23 15:03:27.543173
15190.67	200.0	0.0	0	13-12-23 15:03:27.566897
14708.8	200.0	0.0	0	13-12-23 15:03:27.588805
13926.85	200.0	0.0	0	13-12-23 15:03:27.617053
12649.47	200.0	0.0	0	13-12-23 15:03:27.640453
11955.02	200.0	0.0	0	13-12-23 15:03:27.666220
10467.16	200.0	0.0	0	13-12-23 15:03:27.688285
9290.875	200.0	0.0	0	13-12-23 15:03:27.711442
8095.42	200.0	0.0	0	13-12-23 15:03:27.740633
5308.01	200.0	0.0	0	13-12-23 15:03:27.766426
4147.54	200.0	0.0	0	13-12-23 15:03:27.788969
2656.145	200.0	0.0	0	13-12-23 15:03:27.812330
964.275	200.0	0.0	0	13-12-23 15:03:27.835835
46.34	200.0	0.0	0	13-12-23 15:03:27.859546
-1285.87	200.0	0.0	0	13-12-23 15:03:27.881864
-1940.935	200.0	0.0	0	13-12-23 15:03:27.904288
-2821.09	200.0	0.0	0	13-12-23 15:03:27.929981
-3359.31	200.0	0.0	0	13-12-23 15:03:27.952335
-3544.53	200.0	0.0	0	13-12-23 15:03:27.974950
-3560.865	200.0	0.0	0	13-12-23 15:03:27.997219
-3392.19	200.0	0.0	0	13-12-23 15:03:28.019186
-2989.98	200.0	0.0	0	13-12-23 15:03:28.041517
-2205.035	200.0	0.0	0	13-12-23 15:03:28.063615
-1628.33	200.0	0.0	0	13-12-23 15:03:28.085578
-362.375	200.0	0.0	0	13-12-23 15:03:28.108294
502.55	200.0	0.0	0	13-12-23 15:03:28.130460
1818.445	200.0	0.0	0	13-12-23 15:03:28.152325
3600.535	200.0	0.0	0	13-12-23 15:03:28.175014
5103.215	200.0	0.0	0	13-12-23 15:03:28.197206
6686.39	200.0	0.0	0	13-12-23 15:03:28.219506
9074.09	200.0	0.0	0	13-12-23 15:03:28.241881
10656.81	200.0	0.0	0	13-12-23 15:03:28.264232
12982.82	200.0	0.0	0	13-12-23 15:03:28.286171
15209.54	200.0	0.0	0	13-12-23 15:03:28.308554
17296.38	200.0	0.0	0	13-12-23 15:03:28.330708
19478.69	200.0	0.0	0	13-12-23 15:03:28.352878
20581.08	200.0	0.0	0	13-12-23 15:03:28.375470
22008.26	200.0	0.0	0	13-12-23 15:03:28.397180
22955.08	200.0	0.0	0	13-12-23 15:03:28.419031
23944.12	200.0	0.0	0	13-12-23 15:03:28.441717
24431.38	200.0	0.0	0	13-12-23 15:03:28.463997
24635.21	200.0	0.0	0	13-12-23 15:03:28.486158
24517.99	200.0	0.0	0	13-12-23 15:03:28.508480
24010.66	200.0	0.0	0	13-12-23 15:03:28.530743
23070.02	200.0	0.0	0	13-12-23 15:03:28.552736
22149.94	200.0	0.0	0	13-12-23 15:03:28.574926
20534.15	200.0	0.0	0	13-12-23 15:03:28.597229
19462.58	200.0	0.0	0	13-12-23 15:03:28.619366
17001.58	200.0	0.0	0	13-12-23 15:03:28.641844
14924.66	200.0	0.0	0	13-12-23 15:03:28.663799
12349.0	200.0	0.0	0	13-12-23 15:03:28.685666
9633.265	200.0	0.0	0	13-12-23 15:03:28.708190
8049.065	200.0	0.0	0	13-12-23 15:03:28.730430
4846.32	200.0	0.0	0	13-12-23 15:03:28.752427
2874.11	200.0	0.0	0	13-12-23 15:03:28.775094
564.365	200.0	0.0	0	13-12-23 15:03:28.797530
-2698.975	200.0	0.0	0	13-12-23 15:03:28.819571
-4387.925	200.0	0.0	0	13-12-23 15:03:28.841925
-7412.785	200.0	0.0	0	13-12-23 15:03:28.864502
-8705.26	200.0	0.0	0	13-12-23 15:03:28.887325
-10865.79	200.0	0.0	0	13-12-23 15:03:28.913332
-11923.19	200.0	0.0	0	13-12-23 15:03:28.935252
-12476.23	200.0	0.0	0	13-12-23 15:03:28.957260
-12906.61	200.0	0.0	0	13-12-23 15:03:28.979179
-12867.61	200.0	0.0	0	13-12-23 15:03:29.001351
-12422.21	200.0	0.0	0	13-12-23 15:03:29.023693
-11468.53	200.0	0.0	0	13-12-23 15:03:29.045145
-10503.06	200.0	0.0	0	13-12-23 15:03:29.067423
-8995.11	200.0	0.0	0	13-12-23 15:03:29.088987
-7502.09	200.0	0.0	0	13-12-23 15:03:29.111007
-5167.685	200.0	0.0	0	13-12-23 15:03:29.133102
-1890.565	200.0	0.0	0	13-12-23 15:03:29.154789
957.735	200.0	0.0	0	13-12-23 15:03:29.178303
4769.71	200.0	0.0	0	13-12-23 15:03:29.201488
7524.795	200.0	0.0	0	13-12-23 15:03:29.222858
10719.12	200.0	0.0	0	13-12-23 15:03:29.244791
13911.95	200.0	0.0	0	13-12-23 15:03:29.267715
17811.5	200.0	0.0	0	13-12-23 15:03:29.289637
20782.91	200.0	0.0	0	13-12-23 15:03:29.311622
23588.15	200.0	0.0	0	13-12-23 15:03:29.334496
26799.55	200.0	0.0	0	13-12-23 15:03:29.356418
29323.08	200.0	0.0	0	13-12-23 15:03:29.377939
31501.92	200.0	0.0	0	13-12-23 15:03:29.400168
33656.97	200.0	0.0	0	13-12-23 15:03:29.421987
35067.28	200.0	0.0	0	13-12-23 15:03:29.446191
35995.35	200.0	0.0	0	13-12-23 15:03:29.467821
36312.0	200.0	0.0	0	13-12-23 15:03:29.489662
36126.04	200.0	0.0	0	13-12-23 15:03:29.511565
35235.53	200.0	0.0	0	13-12-23 15:03:29.533664
33916.18	200.0	0.0	0	13-12-23 15:03:29.555905
32063.58	200.0	0.0	0	13-12-23 15:03:29.578580
29732.76	200.0	0.0	0	13-12-23 15:03:29.601579
26968.25	200.0	0.0	0	13-12-23 15:03:29.622924
23826.94	200.0	0.0	0	13-12-23 15:03:29.644879
21102.88	200.0	0.0	0	13-12-23 15:03:29.666580
17050.76	200.0	0.0	0	13-12-23 15:03:29.688552
13585.59	200.0	0.0	0	13-12-23 15:03:29.711905
10420.68	200.0	0.0	0	13-12-23 15:03:29.734471
5627.935	200.0	0.0	0	13-12-23 15:03:29.756138
2470.105	200.0	0.0	0	13-12-23 15:03:29.778262
-1363.295	200.0	0.0	0	13-12-23 15:03:29.799840
-5001.585	200.0	0.0	0	13-12-23 15:03:29.821700
-8360.815	200.0	0.0	0	13-12-23 15:03:29.846059
-11705.92	200.0	0.0	0	13-12-23 15:03:29.868348
-14807.87	200.0	0.0	0	13-12-23 15:03:29.889744
-16998.85	200.0	0.0	0	13-12-23 15:03:29.911707
-19131.71	200.0	0.0	0	13-12-23 15:03:29.933628
-20189.97	200.0	0.0	0	13-12-23 15:03:29.955753
-20966.19	200.0	0.0	0	13-12-23 15:03:29.979318
-20984.32	200.0	0.0	0	13-12-23 15:03:30.001933
-20324.65	200.0	0.0	0	13-12-23 15:03:30.023721
-19318.46	200.0	0.0	0	13-12-23 15:03:30.047679
-17515.65	200.0	0.0	0	13-12-23 15:03:30.069586
-15362.49	200.0	0.0	0	13-12-23 15:03:30.091678
-12738.07	200.0	0.0	0	13-12-23 15:03:30.113565
-10016.45	200.0	0.0	0	13-12-23 15:03:30.135576
-7359.725	200.0	0.0	0	13-12-23 15:03:30.158160
-4479.445	200.0	0.0	0	13-12-23 15:03:30.179737
-687.0	200.0	0.0	0	13-12-23 15:03:30.202922
2463.445	200.0	0.0	0	13-12-23 15:03:30.224930
6852.545	200.0	0.0	0	13-12-23 15:03:30.248790
9636.795	200.0	0.0	0	13-12-23 15:03:30.271110
13499.11	200.0	0.0	0	13-12-23 15:03:30.293385
16060.26	200.0	0.0	0	13-12-23 15:03:30.319244
19146.12	200.0	0.0	0	13-12-23 15:03:30.341307
21574.06	200.0	0.0	0	13-12-23 15:03:30.363381
23963.85	200.0	0.0	0	13-12-23 15:03:30.385066
25750.17	200.0	0.0	0	13-12-23 15:03:30.407818
27065.33	200.0	0.0	0	13-12-23 15:03:30.430574
27802.19	200.0	0.0	0	13-12-23 15:03:30.453018
28326.33	200.0	0.0	0	13-12-23 15:03:30.475482
28352.83	200.0	0.0	0	13-12-23 15:03:30.497766
27912.49	200.0	0.0	0	13-12-23 15:03:30.519801
27367.19	200.0	0.0	0	13-12-23 15:03:30.541406
26317.33	200.0	0.0	0	13-12-23 15:03:30.563319
25092.06	200.0	0.0	0	13-12-23 15:03:30.585369
23168.56	200.0	0.0	0	13-12-23 15:03:30.607225
20841.08	200.0	0.0	0	13-12-23 15:03:30.631361
17909.34	200.0	0.0	0	13-12-23 15:03:30.653281
15066.31	200.0	0.0	0	13-12-23 15:03:30.675655
11661.17	200.0	0.0	0	13-12-23 15:03:30.700347
8125.97	200.0	0.0	0	13-12-23 15:03:30.721944
4917.62	200.0	0.0	0	13-12-23 15:03:30.744229
2917.04	200.0	0.0	0	13-12-23 15:03:30.768765
-971.405	200.0	0.0	0	13-12-23 15:03:30.790618
-3188.3	200.0	0.0	0	13-12-23 15:03:30.812625
-5289.12	200.0	0.0	0	13-12-23 15:03:30.834267
-8428.17	200.0	0.0	0	13-12-23 15:03:30.855875
-9782.62	200.0	0.0	0	13-12-23 15:03:30.878003
-11462.51	200.0	0.0	0	13-12-23 15:03:30.901156
-12754.3	200.0	0.0	0	13-12-23 15:03:30.922621
-13618.72	200.0	0.0	0	13-12-23 15:03:30.944733
-14214.14	200.0	0.0	0	13-12-23 15:03:30.967562
-14483.01	200.0	0.0	0	13-12-23 15:03:30.989249
-14279.84	200.0	0.0	0	13-12-23 15:03:31.012591
-13523.75	200.0	0.0	0	13-12-23 15:03:31.034898
-12461.44	200.0	0.0	0	13-12-23 15:03:31.056666
-10718.54	200.0	0.0	0	13-12-23 15:03:31.078784
-9105.825	200.0	0.0	0	13-12-23 15:03:31.101525
-6886.125	200.0	0.0	0	13-12-23 15:03:31.123055
-4417.95	200.0	0.0	0	13-12-23 15:03:31.145076
-1001.785	200.0	0.0	0	13-12-23 15:03:31.166958
1963.765	200.0	0.0	0	13-12-23 15:03:31.189005
5437.265	200.0	0.0	0	13-12-23 15:03:31.212462
8625.915	200.0	0.0	0	13-12-23 15:03:31.234929
11819.42	200.0	0.0	0	13-12-23 15:03:31.257095
14964.32	200.0	0.0	0	13-12-23 15:03:31.278902
17974.38	200.0	0.0	0	13-12-23 15:03:31.300591
20472.51	200.0	0.0	0	13-12-23 15:03:31.322579
23049.45	200.0	0.0	0	13-12-23 15:03:31.346137
24513.91	200.0	0.0	0	13-12-23 15:03:31.368185
26509.92	200.0	0.0	0	13-12-23 15:03:31.390228
27318.03	200.0	0.0	0	13-12-23 15:03:31.412031
28438.21	200.0	0.0	0	13-12-23 15:03:31.434078
29041.66	200.0	0.0	0	13-12-23 15:03:31.456125
29360.04	200.0	0.0	0	13-12-23 15:03:31.479220
29254.85	200.0	0.0	0	13-12-23 15:03:31.502392
28936.03	200.0	0.0	0	13-12-23 15:03:31.524356
28106.17	200.0	0.0	0	13-12-23 15:03:31.546179
26920.81	200.0	0.0	0	13-12-23 15:03:31.567828
25398.77	200.0	0.0	0	13-12-23 15:03:31.589393
24074.98	200.0	0.0	0	13-12-23 15:03:31.611236
21983.31	200.0	0.0	0	13-12-23 15:03:31.634919
19960.78	200.0	0.0	0	13-12-23 15:03:31.656453
18511.64	200.0	0.0	0	13-12-23 15:03:31.678385
15080.06	200.0	0.0	0	13-12-23 15:03:31.701874
13102.42	200.0	0.0	0	13-12-23 15:03:31.723715
10296.15	200.0	0.0	0	13-12-23 15:03:31.748119
6710.33	200.0	0.0	0	13-12-23 15:03:31.770248
3612.055	200.0	0.0	0	13-12-23 15:03:31.792360
668.77	200.0	0.0	0	13-12-23 15:03:31.817553
-1695.295	200.0	0.0	0	13-12-23 15:03:31.841028
-3531.7	200.0	0.0	0	13-12-23 15:03:31.863122
-5367.02	200.0	0.0	0	13-12-23 15:03:31.886301
-6461.825	200.0	0.0	0	13-12-23 15:03:31.909065
-7639.89	200.0	0.0	0	13-12-23 15:03:31.932508
-8393.31	200.0	0.0	0	13-12-23 15:03:31.955044
-8690.12	200.0	0.0	0	13-12-23 15:03:31.977073
-8712.29	200.0	0.0	0	13-12-23 15:03:32.002925
-8192.81	200.0	0.0	0	13-12-23 15:03:32.024722
-7589.8	200.0	0.0	0	13-12-23 15:03:32.046894
-6540.52	200.0	0.0	0	13-12-23 15:03:32.069327
-5245.7	200.0	0.0	0	13-12-23 15:03:32.091326
-3116.535	200.0	0.0	0	13-12-23 15:03:32.113338
-1274.115	200.0	0.0	0	13-12-23 15:03:32.135454
736.975	200.0	0.0	0	13-12-23 15:03:32.157450
2567.22	200.0	0.0	0	13-12-23 15:03:32.179415
4467.21	200.0	0.0	0	13-12-23 15:03:32.200922
7227.44	200.0	0.0	0	13-12-23 15:03:32.222704
10026.6	200.0	0.0	0	13-12-23 15:03:32.244664
13216.07	200.0	0.0	0	13-12-23 15:03:32.268121
15928.03	200.0	0.0	0	13-12-23 15:03:32.289784
18543.24	200.0	0.0	0	13-12-23 15:03:32.311611
20623.71	200.0	0.0	0	13-12-23 15:03:32.333310
23211.89	200.0	0.0	0	13-12-23 15:03:32.355366
25433.12	200.0	0.0	0	13-12-23 15:03:32.379232
27528.84	200.0	0.0	0	13-12-23 15:03:32.401709
29023.39	200.0	0.0	0	13-12-23 15:03:32.423228
30197.76	200.0	0.0	0	13-12-23 15:03:32.445056
30866.28	200.0	0.0	0	13-12-23 15:03:32.466834
31032.03	200.0	0.0	0	13-12-23 15:03:32.488807
30869.74	200.0	0.0	0	13-12-23 15:03:32.513307
29974.35	200.0	0.0	0	13-12-23 15:03:32.534824
29121.24	200.0	0.0	0	13-12-23 15:03:32.556651
27613.65	200.0	0.0	0	13-12-23 15:03:32.578562
25912.33	200.0	0.0	0	13-12-23 15:03:32.600245
23979.71	200.0	0.0	0	13-12-23 15:03:32.622388
22088.22	200.0	0.0	0	13-12-23 15:03:32.645942
19358.41	200.0	0.0	0	13-12-23 15:03:32.669768
16392.38	200.0	0.0	0	13-12-23 15:03:32.691470
13672.17	200.0	0.0	0	13-12-23 15:03:32.713255
10900.8	200.0	0.0	0	13-12-23 15:03:32.735077
7721.265	200.0	0.0	0	13-12-23 15:03:32.757130
6171.555	200.0	0.0	0	13-12-23 15:03:32.779154
3538.57	200.0	0.0	0	13-12-23 15:03:32.801807
2107.21	200.0	0.0	0	13-12-23 15:03:32.823757
-881.115	200.0	0.0	0	13-12-23 15:03:32.847637
-2618.22	200.0	0.0	0	13-12-23 15:03:32.869892
-4674.965	200.0	0.0	0	13-12-23 15:03:32.892259
-6294.72	200.0	0.0	0	13-12-23 15:03:32.919040
-7925.1	200.0	0.0	0	13-12-23 15:03:32.941628
-8547.42	200.0	0.0	0	13-12-23 15:03:32.965397
-8757.045	200.0	0.0	0	13-12-23 15:03:32.987595
-8642.42	200.0	0.0	0	13-12-23 15:03:33.009613
-7885.28	200.0	0.0	0	13-12-23 15:03:33.035133
-6821.595	200.0	0.0	0	13-12-23 15:03:33.057053
-5682.175	200.0	0.0	0	13-12-23 15:03:33.081282
-3694.43	200.0	0.0	0	13-12-23 15:03:33.103412
-2555.405	200.0	0.0	0	13-12-23 15:03:33.125587
-3.945	200.0	0.0	0	13-12-23 15:03:33.147547
2495.555	200.0	0.0	0	13-12-23 15:03:33.172522
5498.88	200.0	0.0	0	13-12-23 15:03:33.194663
8246.985	200.0	0.0	0	13-12-23 15:03:33.218361
10244.11	200.0	0.0	0	13-12-23 15:03:33.239887
12632.83	200.0	0.0	0	13-12-23 15:03:33.261774
14189.81	200.0	0.0	0	13-12-23 15:03:33.285722
16816.51	200.0	0.0	0	13-12-23 15:03:33.307850
19577.44	200.0	0.0	0	13-12-23 15:03:33.331891
20833.17	200.0	0.0	0	13-12-23 15:03:33.353648
22824.47	200.0	0.0	0	13-12-23 15:03:33.375807
24458.47	200.0	0.0	0	13-12-23 15:03:33.402247
25590.44	200.0	0.0	0	13-12-23 15:03:33.424916
26499.74	200.0	0.0	0	13-12-23 15:03:33.447222
26942.42	200.0	0.0	0	13-12-23 15:03:33.469089
27104.16	200.0	0.0	0	13-12-23 15:03:33.491853
26806.83	200.0	0.0	0	13-12-23 15:03:33.513786
26289.55	200.0	0.0	0	13-12-23 15:03:33.536138
25095.08	200.0	0.0	0	13-12-23 15:03:33.558404
24142.99	200.0	0.0	0	13-12-23 15:03:33.580592
21942.22	200.0	0.0	0	13-12-23 15:03:33.603274
20800.58	200.0	0.0	0	13-12-23 15:03:33.625423
18260.24	200.0	0.0	0	13-12-23 15:03:33.647479
15787.88	200.0	0.0	0	13-12-23 15:03:33.669472
13545.68	200.0	0.0	0	13-12-23 15:03:33.691542
10406.95	200.0	0.0	0	13-12-23 15:03:33.713504
8809.525	200.0	0.0	0	13-12-23 15:03:33.735451
6013.05	200.0	0.0	0	13-12-23 15:03:33.757259
4446.23	200.0	0.0	0	13-12-23 15:03:33.779026
1393.735	200.0	0.0	0	13-12-23 15:03:33.800664
-1457.505	200.0	0.0	0	13-12-23 15:03:33.822611
-3453.435	200.0	0.0	0	13-12-23 15:03:33.846074
-6388.435	200.0	0.0	0	13-12-23 15:03:33.869192
-7633.595	200.0	0.0	0	13-12-23 15:03:33.891812
-9320.895	200.0	0.0	0	13-12-23 15:03:33.915087
-10362.58	200.0	0.0	0	13-12-23 15:03:33.937782
-10902.28	200.0	0.0	0	13-12-23 15:03:33.960124
-11447.28	200.0	0.0	0	13-12-23 15:03:33.985706
-11281.73	200.0	0.0	0	13-12-23 15:03:34.008202
-10825.68	200.0	0.0	0	13-12-23 15:03:34.030902
-9552.58	200.0	0.0	0	13-12-23 15:03:34.053078
-8323.755	200.0	0.0	0	13-12-23 15:03:34.075125
-6050.25	200.0	0.0	0	13-12-23 15:03:34.097153
-4149.44	200.0	0.0	0	13-12-23 15:03:34.119266
-1692.495	200.0	0.0	0	13-12-23 15:03:34.141578
1393.28	200.0	0.0	0	13-12-23 15:03:34.164170
3562.76	200.0	0.0	0	13-12-23 15:03:34.186641
6626.26	200.0	0.0	0	13-12-23 15:03:34.208697
10583.49	200.0	0.0	0	13-12-23 15:03:34.230523
14580.92	200.0	0.0	0	13-12-23 15:03:34.255571
17726.39	200.0	0.0	0	13-12-23 15:03:34.280472
21910.55	200.0	0.0	0	13-12-23 15:03:34.302850
24782.78	200.0	0.0	0	13-12-23 15:03:34.324979
27785.1	200.0	0.0	0	13-12-23 15:03:34.346696
31055.79	200.0	0.0	0	13-12-23 15:03:34.368824
33076.11	200.0	0.0	0	13-12-23 15:03:34.390734
35191.12	200.0	0.0	0	13-12-23 15:03:34.415130
36759.68	200.0	0.0	0	13-12-23 15:03:34.436988
37547.37	200.0	0.0	0	13-12-23 15:03:34.459129
37974.61	200.0	0.0	0	13-12-23 15:03:34.484069
37871.48	200.0	0.0	0	13-12-23 15:03:34.505688
37389.38	200.0	0.0	0	13-12-23 15:03:34.527907
36468.18	200.0	0.0	0	13-12-23 15:03:34.550966
34469.2	200.0	0.0	0	13-12-23 15:03:34.573154
32740.21	200.0	0.0	0	13-12-23 15:03:34.595137
29602.46	200.0	0.0	0	13-12-23 15:03:34.618341
26558.22	200.0	0.0	0	13-12-23 15:03:34.639653
23558.45	200.0	0.0	0	13-12-23 15:03:34.661149
19236.44	200.0	0.0	0	13-12-23 15:03:34.685267
14647.39	200.0	0.0	0	13-12-23 15:03:34.706793
10313.6	200.0	0.0	0	13-12-23 15:03:34.728280
5913.57	200.0	0.0	0	13-12-23 15:03:34.751308
346.53	200.0	0.0	0	13-12-23 15:03:34.773268
-4312.82	200.0	0.0	0	13-12-23 15:03:34.795284
-8398.245	200.0	0.0	0	13-12-23 15:03:34.818578
-12924.93	200.0	0.0	0	13-12-23 15:03:34.840823
-17561.31	200.0	0.0	0	13-12-23 15:03:34.865604
-19958.22	200.0	0.0	0	13-12-23 15:03:34.887756
-22741.01	200.0	0.0	0	13-12-23 15:03:34.909517
-25183.82	200.0	0.0	0	13-12-23 15:03:34.936387
-26761.04	200.0	0.0	0	13-12-23 15:03:34.958373
-27612.66	200.0	0.0	0	13-12-23 15:03:34.983103
-27557.74	200.0	0.0	0	13-12-23 15:03:35.005383
-26915.58	200.0	0.0	0	13-12-23 15:03:35.027384
-25543.22	200.0	0.0	0	13-12-23 15:03:35.052161
-23677.62	200.0	0.0	0	13-12-23 15:03:35.074161
-20840.88	200.0	0.0	0	13-12-23 15:03:35.098635
-18167.88	200.0	0.0	0	13-12-23 15:03:35.120865
-14550.74	200.0	0.0	0	13-12-23 15:03:35.143016
-10822.35	200.0	0.0	0	13-12-23 15:03:35.169581
-7157.795	200.0	0.0	0	13-12-23 15:03:35.191899
-2130.645	200.0	0.0	0	13-12-23 15:03:35.214107
1849.19	200.0	0.0	0	13-12-23 15:03:35.236675
5046.635	200.0	0.0	0	13-12-23 15:03:35.258976
10563.5	200.0	0.0	0	13-12-23 15:03:35.285016
15097.98	200.0	0.0	0	13-12-23 15:03:35.306813
18319.44	200.0	0.0	0	13-12-23 15:03:35.328589
21943.51	200.0	0.0	0	13-12-23 15:03:35.352795
25154.17	200.0	0.0	0	13-12-23 15:03:35.374900
28144.42	200.0	0.0	0	13-12-23 15:03:35.399759
30120.88	200.0	0.0	0	13-12-23 15:03:35.421728
31759.97	200.0	0.0	0	13-12-23 15:03:35.443981
32869.97	200.0	0.0	0	13-12-23 15:03:35.467967
33244.14	200.0	0.0	0	13-12-23 15:03:35.489813
33056.83	200.0	0.0	0	13-12-23 15:03:35.512123
32097.99	200.0	0.0	0	13-12-23 15:03:35.534514
30939.03	200.0	0.0	0	13-12-23 15:03:35.555898
29140.65	200.0	0.0	0	13-12-23 15:03:35.577908
27345.98	200.0	0.0	0	13-12-23 15:03:35.601895
23871.54	200.0	0.0	0	13-12-23 15:03:35.623768
20773.54	200.0	0.0	0	13-12-23 15:03:35.648007
17020.92	200.0	0.0	0	13-12-23 15:03:35.669686
13331.17	200.0	0.0	0	13-12-23 15:03:35.691532
8681.68	200.0	0.0	0	13-12-23 15:03:35.713466
5511.89	200.0	0.0	0	13-12-23 15:03:35.734739
1932.945	200.0	0.0	0	13-12-23 15:03:35.756438
-2015.28	200.0	0.0	0	13-12-23 15:03:35.778281
-5049.45	200.0	0.0	0	13-12-23 15:03:35.801323
-8299.53	200.0	0.0	0	13-12-23 15:03:35.822768
-10918.67	200.0	0.0	0	13-12-23 15:03:35.844319
-12725.5	200.0	0.0	0	13-12-23 15:03:35.867167
-15276.91	200.0	0.0	0	13-12-23 15:03:35.889419
-16730.8	200.0	0.0	0	13-12-23 15:03:35.911454
-18061.17	200.0	0.0	0	13-12-23 15:03:35.935102
-18806.65	200.0	0.0	0	13-12-23 15:03:35.956897
-19204.92	200.0	0.0	0	13-12-23 15:03:35.978604
-19194.49	200.0	0.0	0	13-12-23 15:03:36.001223
-18879.12	200.0	0.0	0	13-12-23 15:03:36.022990
-18067.78	200.0	0.0	0	13-12-23 15:03:36.044872
-16941.98	200.0	0.0	0	13-12-23 15:03:36.068194
-14886.87	200.0	0.0	0	13-12-23 15:03:36.090108
-12816.43	200.0	0.0	0	13-12-23 15:03:36.114602
-9554.01	200.0	0.0	0	13-12-23 15:03:36.136301
-6909.275	200.0	0.0	0	13-12-23 15:03:36.158290
-2596.28	200.0	0.0	0	13-12-23 15:03:36.180212
830.025	200.0	0.0	0	13-12-23 15:03:36.202053
4371.63	200.0	0.0	0	13-12-23 15:03:36.224073
8767.57	200.0	0.0	0	13-12-23 15:03:36.248660
12740.83	200.0	0.0	0	13-12-23 15:03:36.270508
15439.3	200.0	0.0	0	13-12-23 15:03:36.292479
18767.98	200.0	0.0	0	13-12-23 15:03:36.317886
22133.53	200.0	0.0	0	13-12-23 15:03:36.340107
23954.51	200.0	0.0	0	13-12-23 15:03:36.361747
26106.06	200.0	0.0	0	13-12-23 15:03:36.385690
27846.92	200.0	0.0	0	13-12-23 15:03:36.407141
29106.86	200.0	0.0	0	13-12-23 15:03:36.428973
30171.24	200.0	0.0	0	13-12-23 15:03:36.450842
30544.4	200.0	0.0	0	13-12-23 15:03:36.472462
30674.92	200.0	0.0	0	13-12-23 15:03:36.496187
30336.46	200.0	0.0	0	13-12-23 15:03:36.519669
29589.67	200.0	0.0	0	13-12-23 15:03:36.541082
28175.4	200.0	0.0	0	13-12-23 15:03:36.565615
26999.58	200.0	0.0	0	13-12-23 15:03:36.587387
24486.1	200.0	0.0	0	13-12-23 15:03:36.609113
22689.15	200.0	0.0	0	13-12-23 15:03:36.635032
20073.41	200.0	0.0	0	13-12-23 15:03:36.657166
16814.88	200.0	0.0	0	13-12-23 15:03:36.682152
14504.67	200.0	0.0	0	13-12-23 15:03:36.704179
12126.95	200.0	0.0	0	13-12-23 15:03:36.726181
10121.17	200.0	0.0	0	13-12-23 15:03:36.752428
6936.95	200.0	0.0	0	13-12-23 15:03:36.773937
3870.0	200.0	0.0	0	13-12-23 15:03:36.795767
2398.87	200.0	0.0	0	13-12-23 15:03:36.817328
-646.08	200.0	0.0	0	13-12-23 15:03:36.839162
-2146.095	200.0	0.0	0	13-12-23 15:03:36.862752
-4051.97	200.0	0.0	0	13-12-23 15:03:36.886137
-5815.335	200.0	0.0	0	13-12-23 15:03:36.908083
-6709.28	200.0	0.0	0	13-12-23 15:03:36.930218
-7904.5	200.0	0.0	0	13-12-23 15:03:36.952042
-8193.06	200.0	0.0	0	13-12-23 15:03:36.973821
-8290.345	200.0	0.0	0	13-12-23 15:03:36.998790
-7959.84	200.0	0.0	0	13-12-23 15:03:37.020466
-7231.805	200.0	0.0	0	13-12-23 15:03:37.042589
-6244.49	200.0	0.0	0	13-12-23 15:03:37.067675
-5191.07	200.0	0.0	0	13-12-23 15:03:37.089649
-3647.165	200.0	0.0	0	13-12-23 15:03:37.111764
-2458.215	200.0	0.0	0	13-12-23 15:03:37.134890
-1123.86	200.0	0.0	0	13-12-23 15:03:37.156912
689.91	200.0	0.0	0	13-12-23 15:03:37.181100
2219.875	200.0	0.0	0	13-12-23 15:03:37.203858
4583.925	200.0	0.0	0	13-12-23 15:03:37.225656
6570.945	200.0	0.0	0	13-12-23 15:03:37.250411
8542.365	200.0	0.0	0	13-12-23 15:03:37.271932
10842.4	200.0	0.0	0	13-12-23 15:03:37.293848
12308.38	200.0	0.0	0	13-12-23 15:03:37.317580
15055.92	200.0	0.0	0	13-12-23 15:03:37.339518
16881.88	200.0	0.0	0	13-12-23 15:03:37.361158
18549.6	200.0	0.0	0	13-12-23 15:03:37.385425
20814.33	200.0	0.0	0	13-12-23 15:03:37.407283
21970.09	200.0	0.0	0	13-12-23 15:03:37.431948
22831.19	200.0	0.0	0	13-12-23 15:03:37.453865
23344.74	200.0	0.0	0	13-12-23 15:03:37.475951
23423.85	200.0	0.0	0	13-12-23 15:03:37.501593
22908.22	200.0	0.0	0	13-12-23 15:03:37.523784
22210.47	200.0	0.0	0	13-12-23 15:03:37.549008
20966.25	200.0	0.0	0	13-12-23 15:03:37.570987
18763.63	200.0	0.0	0	13-12-23 15:03:37.593166
17185.85	200.0	0.0	0	13-12-23 15:03:37.619182
14484.26	200.0	0.0	0	13-12-23 15:03:37.641234
11402.23	200.0	0.0	0	13-12-23 15:03:37.666076
9225.73	200.0	0.0	0	13-12-23 15:03:37.688257
5368.62	200.0	0.0	0	13-12-23 15:03:37.710327
2596.82	200.0	0.0	0	13-12-23 15:03:37.734746
-1399.015	200.0	0.0	0	13-12-23 15:03:37.756526
-4553.475	200.0	0.0	0	13-12-23 15:03:37.778494
-7607.96	200.0	0.0	0	13-12-23 15:03:37.802502
-11213.7	200.0	0.0	0	13-12-23 15:03:37.825043
-14833.76	200.0	0.0	0	13-12-23 15:03:37.850152
-18041.78	200.0	0.0	0	13-12-23 15:03:37.872013
-20008.08	200.0	0.0	0	13-12-23 15:03:37.894097
-21666.47	200.0	0.0	0	13-12-23 15:03:37.918124
-23215.8	200.0	0.0	0	13-12-23 15:03:37.939994
-23920.69	200.0	0.0	0	13-12-23 15:03:37.964151
-24413.24	200.0	0.0	0	13-12-23 15:03:37.985810
-24284.07	200.0	0.0	0	13-12-23 15:03:38.007658
-23522.46	200.0	0.0	0	13-12-23 15:03:38.029123
-22536.4	200.0	0.0	0	13-12-23 15:03:38.050612
-21030.49	200.0	0.0	0	13-12-23 15:03:38.072516
-18838.1	200.0	0.0	0	13-12-23 15:03:38.095593
-16470.23	200.0	0.0	0	13-12-23 15:03:38.118633
-13124.82	200.0	0.0	0	13-12-23 15:03:38.140528
-10085.9	200.0	0.0	0	13-12-23 15:03:38.164970
-6083.25	200.0	0.0	0	13-12-23 15:03:38.186782
-3018.415	200.0	0.0	0	13-12-23 15:03:38.208702
941.295	200.0	0.0	0	13-12-23 15:03:38.230254
4139.49	200.0	0.0	0	13-12-23 15:03:38.251875
7309.925	200.0	0.0	0	13-12-23 15:03:38.273666
10782.25	200.0	0.0	0	13-12-23 15:03:38.298805
14392.58	200.0	0.0	0	13-12-23 15:03:38.320874
16398.37	200.0	0.0	0	13-12-23 15:03:38.342675
19109.9	200.0	0.0	0	13-12-23 15:03:38.368205
21098.91	200.0	0.0	0	13-12-23 15:03:38.390606
22088.65	200.0	0.0	0	13-12-23 15:03:38.415983
23137.16	200.0	0.0	0	13-12-23 15:03:38.438547
23683.88	200.0	0.0	0	13-12-23 15:03:38.460963
23894.35	200.0	0.0	0	13-12-23 15:03:38.485727
23748.08	200.0	0.0	0	13-12-23 15:03:38.508206
23344.33	200.0	0.0	0	13-12-23 15:03:38.532183
22544.6	200.0	0.0	0	13-12-23 15:03:38.554089
21604.9	200.0	0.0	0	13-12-23 15:03:38.576221
20476.03	200.0	0.0	0	13-12-23 15:03:38.602385
17695.21	200.0	0.0	0	13-12-23 15:03:38.624307
15400.42	200.0	0.0	0	13-12-23 15:03:38.649119
13631.86	200.0	0.0	0	13-12-23 15:03:38.670513
11374.61	200.0	0.0	0	13-12-23 15:03:38.692856
9425.475	200.0	0.0	0	13-12-23 15:03:38.718795
5430.705	200.0	0.0	0	13-12-23 15:03:38.740497
3032.525	200.0	0.0	0	13-12-23 15:03:38.762453
1068.38	200.0	0.0	0	13-12-23 15:03:38.783959
-1571.42	200.0	0.0	0	13-12-23 15:03:38.805878
-3004.375	200.0	0.0	0	13-12-23 15:03:38.828119
-5633.76	200.0	0.0	0	13-12-23 15:03:38.852731
-7880.455	200.0	0.0	0	13-12-23 15:03:38.874786
-9113.23	200.0	0.0	0	13-12-23 15:03:38.896841
-10872.63	200.0	0.0	0	13-12-23 15:03:38.918994
-11463.07	200.0	0.0	0	13-12-23 15:03:38.940580
-12274.87	200.0	0.0	0	13-12-23 15:03:38.965613
-12405.92	200.0	0.0	0	13-12-23 15:03:38.987785
-12295.49	200.0	0.0	0	13-12-23 15:03:39.010073
-11563.06	200.0	0.0	0	13-12-23 15:03:39.035457
-10695.52	200.0	0.0	0	13-12-23 15:03:39.057604
-9167.725	200.0	0.0	0	13-12-23 15:03:39.082091
-7679.595	200.0	0.0	0	13-12-23 15:03:39.103577
-5702.365	200.0	0.0	0	13-12-23 15:03:39.125315
-3411.015	200.0	0.0	0	13-12-23 15:03:39.147117
-2000.86	200.0	0.0	0	13-12-23 15:03:39.169134
991.045	200.0	0.0	0	13-12-23 15:03:39.195415
3357.37	200.0	0.0	0	13-12-23 15:03:39.217276
5757.335	200.0	0.0	0	13-12-23 15:03:39.238921
7751.68	200.0	0.0	0	13-12-23 15:03:39.261624
10495.93	200.0	0.0	0	13-12-23 15:03:39.285440
13851.1	200.0	0.0	0	13-12-23 15:03:39.308558
15917.18	200.0	0.0	0	13-12-23 15:03:39.332455
18141.51	200.0	0.0	0	13-12-23 15:03:39.353911
19528.94	200.0	0.0	0	13-12-23 15:03:39.375605
21471.83	200.0	0.0	0	13-12-23 15:03:39.401465
22924.01	200.0	0.0	0	13-12-23 15:03:39.423387
23614.08	200.0	0.0	0	13-12-23 15:03:39.448341
24409.71	200.0	0.0	0	13-12-23 15:03:39.469933
24486.67	200.0	0.0	0	13-12-23 15:03:39.491870
24273.02	200.0	0.0	0	13-12-23 15:03:39.513709
23439.65	200.0	0.0	0	13-12-23 15:03:39.535325
22633.24	200.0	0.0	0	13-12-23 15:03:39.557293
20698.21	200.0	0.0	0	13-12-23 15:03:39.582073
19471.85	200.0	0.0	0	13-12-23 15:03:39.603758
17507.04	200.0	0.0	0	13-12-23 15:03:39.625458
15566.03	200.0	0.0	0	13-12-23 15:03:39.647506
13473.47	200.0	0.0	0	13-12-23 15:03:39.672560
10448.17	200.0	0.0	0	13-12-23 15:03:39.695466
8875.485	200.0	0.0	0	13-12-23 15:03:39.717460
6884.14	200.0	0.0	0	13-12-23 15:03:39.739552
4091.51	200.0	0.0	0	13-12-23 15:03:39.761627
2529.55	200.0	0.0	0	13-12-23 15:03:39.786064
294.54	200.0	0.0	0	13-12-23 15:03:39.808056
-607921.6	100.0	0.0	0	13-12-23 15:03:39.832276
-610404.8	100.0	0.0	0	13-12-23 15:03:39.854503
-613153.4	100.0	0.0	0	13-12-23 15:03:39.876927
-615005.0	100.0	0.0	0	13-12-23 15:03:39.902649
-616780.2	100.0	0.0	0	13-12-23 15:03:39.924605
-618034.5	100.0	0.0	0	13-12-23 15:03:39.949739
-618528.7	100.0	0.0	0	13-12-23 15:03:39.971652
-618663.9	100.0	0.0	0	13-12-23 15:03:39.993628
-618292.6	100.0	0.0	0	13-12-23 15:03:40.019724
-617435.2	100.0	0.0	0	13-12-23 15:03:40.042242
-616201.3	100.0	0.0	0	13-12-23 15:03:40.066055
-613986.7	100.0	0.0	0	13-12-23 15:03:40.087863
-709543.1	100.0	0.0	0	13-12-23 15:03:40.109495
-793241.3	100.0	0.0	0	13-12-23 15:03:40.134905
-880163.2	100.0	0.0	0	13-12-23 15:03:40.156766
-946100.5	100.0	0.0	0	13-12-23 15:03:40.182443
-985589.2	100.0	0.0	0	13-12-23 15:03:40.203968
-1001432.0	100.0	0.0	0	13-12-23 15:03:40.225731
-999697.1	100.0	0.0	0	13-12-23 15:03:40.251608
-975563.8	100.0	0.0	0	13-12-23 15:03:40.273255
-927990.9	100.0	0.0	0	13-12-23 15:03:40.298066
-870619.2	100.0	0.0	0	13-12-23 15:03:40.319625
-781373.8	100.0	0.0	0	13-12-23 15:03:40.341429
-695044.4	100.0	0.0	0	13-12-23 15:03:40.363276
-597698.7	100.0	0.0	0	13-12-23 15:03:40.384828
-462894.0	100.0	0.0	0	13-12-23 15:03:40.406490
-345762.6	100.0	0.0	0	13-12-23 15:03:40.427779
-223848.5	100.0	0.0	0	13-12-23 15:03:40.452394
-66023.05	100.0	0.0	0	13-12-23 15:03:40.474186
93309.24	100.0	0.0	0	13-12-23 15:03:40.498811
219439.9	100.0	0.0	0	13-12-23 15:03:40.521047
371647.8	100.0	0.0	0	13-12-23 15:03:40.543052
487723.2	100.0	0.0	0	13-12-23 15:03:40.567768
620465.0	100.0	0.0	0	13-12-23 15:03:40.589176
717107.8	100.0	0.0	0	13-12-23 15:03:40.610904
820185.3	100.0	0.0	0	13-12-23 15:03:40.635237
889090.1	100.0	0.0	0	13-12-23 15:03:40.657027
955031.8	100.0	0.0	0	13-12-23 15:03:40.682449
995297.2	100.0	0.0	0	13-12-23 15:03:40.704239
1011953.0	100.0	0.0	0	13-12-23 15:03:40.726285
1007759.0	100.0	0.0	0	13-12-23 15:03:40.751564
987676.5	100.0	0.0	0	13-12-23 15:03:40.773286
940115.3	100.0	0.0	0	13-12-23 15:03:40.799222
867370.8	100.0	0.0	0	13-12-23 15:03:40.821304
794901.3	100.0	0.0	0	13-12-23 15:03:40.843399
685559.1	100.0	0.0	0	13-12-23 15:03:40.868973
559650.8	100.0	0.0	0	13-12-23 15:03:40.891467
420381.2	100.0	0.0	0	13-12-23 15:03:40.916310
300495.1	100.0	0.0	0	13-12-23 15:03:40.938505
144959.5	100.0	0.0	0	13-12-23 15:03:40.960451
17698.6	100.0	0.0	0	13-12-23 15:03:40.984443
-141232.9	100.0	0.0	0	13-12-23 15:03:41.006202
-266236.4	100.0	0.0	0	13-12-23 15:03:41.028093
-386237.2	100.0	0.0	0	13-12-23 15:03:41.051894
-528307.7	100.0	0.0	0	13-12-23 15:03:41.073833
-656027.6	100.0	0.0	0	13-12-23 15:03:41.099251
-767852.2	100.0	0.0	0	13-12-23 15:03:41.121301
-844066.0	100.0	0.0	0	13-12-23 15:03:41.143375
-906096.9	100.0	0.0	0	13-12-23 15:03:41.168989
-963891.5	100.0	0.0	0	13-12-23 15:03:41.190983
-995604.3	100.0	0.0	0	13-12-23 15:03:41.216020
-1003459.0	100.0	0.0	0	13-12-23 15:03:41.238004
-991273.5	100.0	0.0	0	13-12-23 15:03:41.260220
-961753.8	100.0	0.0	0	13-12-23 15:03:41.284982
-904432.4	100.0	0.0	0	13-12-23 15:03:41.306639
-841420.2	100.0	0.0	0	13-12-23 15:03:41.328417
-743797.1	100.0	0.0	0	13-12-23 15:03:41.351199
-652898.3	100.0	0.0	0	13-12-23 15:03:41.373216
-550615.0	100.0	0.0	0	13-12-23 15:03:41.398679
-411058.9	100.0	0.0	0	13-12-23 15:03:41.420886
-260951.2	100.0	0.0	0	13-12-23 15:03:41.442842
-135859.1	100.0	0.0	0	13-12-23 15:03:41.468537
23275.94	100.0	0.0	0	13-12-23 15:03:41.490717
181769.1	100.0	0.0	0	13-12-23 15:03:41.516107
305621.2	100.0	0.0	0	13-12-23 15:03:41.538381
453327.8	100.0	0.0	0	13-12-23 15:03:41.560564
563426.0	100.0	0.0	0	13-12-23 15:03:41.585268
687639.8	100.0	0.0	0	13-12-23 15:03:41.607330
795436.2	100.0	0.0	0	13-12-23 15:03:41.632619
883057.0	100.0	0.0	0	13-12-23 15:03:41.654872
937995.2	100.0	0.0	0	13-12-23 15:03:41.677104
977285.3	100.0	0.0	0	13-12-23 15:03:41.702045
1003470.0	100.0	0.0	0	13-12-23 15:03:41.723654
1004906.0	100.0	0.0	0	13-12-23 15:03:41.749436
980804.8	100.0	0.0	0	13-12-23 15:03:41.771275
944299.9	100.0	0.0	0	13-12-23 15:03:41.793181
891320.3	100.0	0.0	0	13-12-23 15:03:41.818237
806101.3	100.0	0.0	0	13-12-23 15:03:41.840272
722179.9	100.0	0.0	0	13-12-23 15:03:41.865327
601882.0	100.0	0.0	0	13-12-23 15:03:41.887521
466390.2	100.0	0.0	0	13-12-23 15:03:41.909763
349261.0	100.0	0.0	0	13-12-23 15:03:41.934793
195609.1	100.0	0.0	0	13-12-23 15:03:41.956597
37123.46	100.0	0.0	0	13-12-23 15:03:41.978620
-90318.12	100.0	0.0	0	13-12-23 15:03:42.001442
-216492.1	100.0	0.0	0	13-12-23 15:03:42.023321
-368491.4	100.0	0.0	0	13-12-23 15:03:42.045240
-483803.5	100.0	0.0	0	13-12-23 15:03:42.068423
-616153.8	100.0	0.0	0	13-12-23 15:03:42.090600
-732491.8	100.0	0.0	0	13-12-23 15:03:42.115899
-813764.8	100.0	0.0	0	13-12-23 15:03:42.137464
-879980.1	100.0	0.0	0	13-12-23 15:03:42.159493
-944427.9	100.0	0.0	0	13-12-23 15:03:42.184956
-983932.1	100.0	0.0	0	13-12-23 15:03:42.207727
-998162.5	100.0	0.0	0	13-12-23 15:03:42.232821
-993220.9	100.0	0.0	0	13-12-23 15:03:42.255097
-962014.4	100.0	0.0	0	13-12-23 15:03:42.277120
-920959.9	100.0	0.0	0	13-12-23 15:03:42.302100
-847517.8	100.0	0.0	0	13-12-23 15:03:42.323888
-773119.0	100.0	0.0	0	13-12-23 15:03:42.348406
-663810.4	100.0	0.0	0	13-12-23 15:03:42.370408
-535881.7	100.0	0.0	0	13-12-23 15:03:42.392756
-424091.7	100.0	0.0	0	13-12-23 15:03:42.418119
-275003.2	100.0	0.0	0	13-12-23 15:03:42.440297
-118667.8	100.0	0.0	0	13-12-23 15:03:42.465486
8623.6	100.0	0.0	0	13-12-23 15:03:42.487606
167505.3	100.0	0.0	0	13-12-23 15:03:42.509827
291958.2	100.0	0.0	0	13-12-23 15:03:42.535277
440919.6	100.0	0.0	0	13-12-23 15:03:42.557162
578321.8	100.0	0.0	0	13-12-23 15:03:42.582355
702579.4	100.0	0.0	0	13-12-23 15:03:42.604109
788710.8	100.0	0.0	0	13-12-23 15:03:42.626286
863602.0	100.0	0.0	0	13-12-23 15:03:42.651553
936800.0	100.0	0.0	0	13-12-23 15:03:42.673984
985528.8	100.0	0.0	0	13-12-23 15:03:42.699360
1010917.0	100.0	0.0	0	13-12-23 15:03:42.721739
1012390.0	100.0	0.0	0	13-12-23 15:03:42.743953
998688.1	100.0	0.0	0	13-12-23 15:03:42.768989
958913.3	100.0	0.0	0	13-12-23 15:03:42.790748
893460.5	100.0	0.0	0	13-12-23 15:03:42.815657
807002.7	100.0	0.0	0	13-12-23 15:03:42.837455
723146.4	100.0	0.0	0	13-12-23 15:03:42.859579
628026.9	100.0	0.0	0	13-12-23 15:03:42.884810
495132.7	100.0	0.0	0	13-12-23 15:03:42.906322
379347.2	100.0	0.0	0	13-12-23 15:03:42.931579
227056.0	100.0	0.0	0	13-12-23 15:03:42.953636
69047.65	100.0	0.0	0	13-12-23 15:03:42.976093
-58482.1	100.0	0.0	0	13-12-23 15:03:43.001368
-216083.3	100.0	0.0	0	13-12-23 15:03:43.022711
-338081.2	100.0	0.0	0	13-12-23 15:03:43.044757
-482897.4	100.0	0.0	0	13-12-23 15:03:43.067946
-589767.8	100.0	0.0	0	13-12-23 15:03:43.089701
-709366.7	100.0	0.0	0	13-12-23 15:03:43.111667
-792444.2	100.0	0.0	0	13-12-23 15:03:43.134963
-862704.6	100.0	0.0	0	13-12-23 15:03:43.156972
-930094.7	100.0	0.0	0	13-12-23 15:03:43.182672
-973471.9	100.0	0.0	0	13-12-23 15:03:43.204333
-990142.1	100.0	0.0	0	13-12-23 15:03:43.226478
-990842.8	100.0	0.0	0	13-12-23 15:03:43.251151
-969159.4	100.0	0.0	0	13-12-23 15:03:43.273084
-933488.2	100.0	0.0	0	13-12-23 15:03:43.294970
-867356.4	100.0	0.0	0	13-12-23 15:03:43.319138
-798290.6	100.0	0.0	0	13-12-23 15:03:43.341010
-693284.3	100.0	0.0	0	13-12-23 15:03:43.365736
-571048.1	100.0	0.0	0	13-12-23 15:03:43.387764
-462488.8	100.0	0.0	0	13-12-23 15:03:43.409630
-346051.4	100.0	0.0	0	13-12-23 15:03:43.434959
-192839.1	100.0	0.0	0	13-12-23 15:03:43.456891
-34576.63	100.0	0.0	0	13-12-23 15:03:43.482252
124705.8	100.0	0.0	0	13-12-23 15:03:43.504248
250074.9	100.0	0.0	0	13-12-23 15:03:43.526489
371575.4	100.0	0.0	0	13-12-23 15:03:43.552384
515031.8	100.0	0.0	0	13-12-23 15:03:43.574839
645118.4	100.0	0.0	0	13-12-23 15:03:43.599665
758727.4	100.0	0.0	0	13-12-23 15:03:43.621774
836823.5	100.0	0.0	0	13-12-23 15:03:43.643762
914909.9	100.0	0.0	0	13-12-23 15:03:43.668048
961067.0	100.0	0.0	0	13-12-23 15:03:43.690148
995926.9	100.0	0.0	0	13-12-23 15:03:43.715712
1006243.0	100.0	0.0	0	13-12-23 15:03:43.737418
996552.6	100.0	0.0	0	13-12-23 15:03:43.759533
962274.0	100.0	0.0	0	13-12-23 15:03:43.785907
903467.5	100.0	0.0	0	13-12-23 15:03:43.808377
821066.3	100.0	0.0	0	13-12-23 15:03:43.832443
741560.3	100.0	0.0	0	13-12-23 15:03:43.854423
648481.3	100.0	0.0	0	13-12-23 15:03:43.876532
518452.2	100.0	0.0	0	13-12-23 15:03:43.902109
375878.0	100.0	0.0	0	13-12-23 15:03:43.924261
223262.4	100.0	0.0	0	13-12-23 15:03:43.949198
97410.94	100.0	0.0	0	13-12-23 15:03:43.971052
-62125.33	100.0	0.0	0	13-12-23 15:03:43.993255
-188546.3	100.0	0.0	0	13-12-23 15:03:44.018302
-342468.9	100.0	0.0	0	13-12-23 15:03:44.040076
-458837.0	100.0	0.0	0	13-12-23 15:03:44.065512
-594179.3	100.0	0.0	0	13-12-23 15:03:44.087651
-714385.2	100.0	0.0	0	13-12-23 15:03:44.109792
-796840.4	100.0	0.0	0	13-12-23 15:03:44.135684
-883927.8	100.0	0.0	0	13-12-23 15:03:44.157262
-946281.4	100.0	0.0	0	13-12-23 15:03:44.182620
-980266.8	100.0	0.0	0	13-12-23 15:03:44.204905
-1000189.0	100.0	0.0	0	13-12-23 15:03:44.227285
-996933.6	100.0	0.0	0	13-12-23 15:03:44.251877
-972100.6	100.0	0.0	0	13-12-23 15:03:44.273809
-920810.9	100.0	0.0	0	13-12-23 15:03:44.299010
-864299.3	100.0	0.0	0	13-12-23 15:03:44.321084
-773760.8	100.0	0.0	0	13-12-23 15:03:44.343138
-687002.5	100.0	0.0	0	13-12-23 15:03:44.368391
-564081.8	100.0	0.0	0	13-12-23 15:03:44.390316
-425316.8	100.0	0.0	0	13-12-23 15:03:44.415508
-307051.9	100.0	0.0	0	13-12-23 15:03:44.437627
-152069.9	100.0	0.0	0	13-12-23 15:03:44.459666
-25010.21	100.0	0.0	0	13-12-23 15:03:44.484839
134300.9	100.0	0.0	0	13-12-23 15:03:44.507107
290205.2	100.0	0.0	0	13-12-23 15:03:44.532627
439041.7	100.0	0.0	0	13-12-23 15:03:44.554166
550822.0	100.0	0.0	0	13-12-23 15:03:44.576375
677541.0	100.0	0.0	0	13-12-23 15:03:44.603274
788335.4	100.0	0.0	0	13-12-23 15:03:44.625743
878758.3	100.0	0.0	0	13-12-23 15:03:44.649284
935907.2	100.0	0.0	0	13-12-23 15:03:44.671734
987050.2	100.0	0.0	0	13-12-23 15:03:44.693773
1009336.0	100.0	0.0	0	13-12-23 15:03:44.720341
1016499.0	100.0	0.0	0	13-12-23 15:03:44.742845
996436.2	100.0	0.0	0	13-12-23 15:03:44.766712
963100.2	100.0	0.0	0	13-12-23 15:03:44.788457
900602.6	100.0	0.0	0	13-12-23 15:03:44.810163
832855.2	100.0	0.0	0	13-12-23 15:03:44.834640
732076.8	100.0	0.0	0	13-12-23 15:03:44.856274
636806.6	100.0	0.0	0	13-12-23 15:03:44.882078
505281.5	100.0	0.0	0	13-12-23 15:03:44.904246
360921.2	100.0	0.0	0	13-12-23 15:03:44.926411
238635.0	100.0	0.0	0	13-12-23 15:03:44.951387
81078.76	100.0	0.0	0	13-12-23 15:03:44.973318
-46553.88	100.0	0.0	0	13-12-23 15:03:44.998884
-204382.1	100.0	0.0	0	13-12-23 15:03:45.021168
-357263.7	100.0	0.0	0	13-12-23 15:03:45.043527
-472044.8	100.0	0.0	0	13-12-23 15:03:45.068334
-605728.2	100.0	0.0	0	13-12-23 15:03:45.090393
-723332.0	100.0	0.0	0	13-12-23 15:03:45.115908
-804590.9	100.0	0.0	0	13-12-23 15:03:45.138020
-888332.5	100.0	0.0	0	13-12-23 15:03:45.160400
-937510.9	100.0	0.0	0	13-12-23 15:03:45.185834
-979438.9	100.0	0.0	0	13-12-23 15:03:45.207475
-995395.7	100.0	0.0	0	13-12-23 15:03:45.232697
-986538.8	100.0	0.0	0	13-12-23 15:03:45.254802
-962551.3	100.0	0.0	0	13-12-23 15:03:45.276948
-921568.0	100.0	0.0	0	13-12-23 15:03:45.302013
-850435.6	100.0	0.0	0	13-12-23 15:03:45.323665
-756630.2	100.0	0.0	0	13-12-23 15:03:45.348742
-644054.5	100.0	0.0	0	13-12-23 15:03:45.370916
-542656.5	100.0	0.0	0	13-12-23 15:03:45.392933
-431652.4	100.0	0.0	0	13-12-23 15:03:45.419459
-283593.9	100.0	0.0	0	13-12-23 15:03:45.441012
-127974.1	100.0	0.0	0	13-12-23 15:03:45.465644
-741.83	100.0	0.0	0	13-12-23 15:03:45.487568
158230.4	100.0	0.0	0	13-12-23 15:03:45.509740
282724.1	100.0	0.0	0	13-12-23 15:03:45.536500
460368.5	100.0	0.0	0	13-12-23 15:03:45.558159
570601.2	100.0	0.0	0	13-12-23 15:03:45.582729
694375.9	100.0	0.0	0	13-12-23 15:03:45.604800
781673.0	100.0	0.0	0	13-12-23 15:03:45.626697
855976.6	100.0	0.0	0	13-12-23 15:03:45.653477
929183.2	100.0	0.0	0	13-12-23 15:03:45.675821
978784.8	100.0	0.0	0	13-12-23 15:03:45.702226
1003486.0	100.0	0.0	0	13-12-23 15:03:45.723756
1005853.0	100.0	0.0	0	13-12-23 15:03:45.748605
985804.2	100.0	0.0	0	13-12-23 15:03:45.770122
940698.6	100.0	0.0	0	13-12-23 15:03:45.792178
887816.9	100.0	0.0	0	13-12-23 15:03:45.819293
801358.2	100.0	0.0	0	13-12-23 15:03:45.841126
695190.1	100.0	0.0	0	13-12-23 15:03:45.865979
597839.4	100.0	0.0	0	13-12-23 15:03:45.888003
462391.8	100.0	0.0	0	13-12-23 15:03:45.910357
345642.5	100.0	0.0	0	13-12-23 15:03:45.936880
191940.3	100.0	0.0	0	13-12-23 15:03:45.958936
33396.04	100.0	0.0	0	13-12-23 15:03:45.985553
-125789.1	100.0	0.0	0	13-12-23 15:03:46.007417
-281652.9	100.0	0.0	0	13-12-23 15:03:46.031655
-401055.8	100.0	0.0	0	13-12-23 15:03:46.054211
-541293.2	100.0	0.0	0	13-12-23 15:03:46.076134
-643493.6	100.0	0.0	0	13-12-23 15:03:46.102483
-757201.5	100.0	0.0	0	13-12-23 15:03:46.124621
-850983.8	100.0	0.0	0	13-12-23 15:03:46.149076
-909618.2	100.0	0.0	0	13-12-23 15:03:46.171164
-963055.2	100.0	0.0	0	13-12-23 15:03:46.192920
-986941.5	100.0	0.0	0	13-12-23 15:03:46.218451
-995733.4	100.0	0.0	0	13-12-23 15:03:46.240533
-979715.7	100.0	0.0	0	13-12-23 15:03:46.265392
-947963.8	100.0	0.0	0	13-12-23 15:03:46.287285
-887781.5	100.0	0.0	0	13-12-23 15:03:46.309250
-822098.5	100.0	0.0	0	13-12-23 15:03:46.335891
-722680.2	100.0	0.0	0	13-12-23 15:03:46.357582
-604998.2	100.0	0.0	0	13-12-23 15:03:46.382432
-471249.3	100.0	0.0	0	13-12-23 15:03:46.404361
-356096.8	100.0	0.0	0	13-12-23 15:03:46.426404
-203151.7	100.0	0.0	0	13-12-23 15:03:46.451650
-77055.11	100.0	0.0	0	13-12-23 15:03:46.473444
82492.9	100.0	0.0	0	13-12-23 15:03:46.499432
239904.3	100.0	0.0	0	13-12-23 15:03:46.521621
362158.5	100.0	0.0	0	13-12-23 15:03:46.543783
506497.7	100.0	0.0	0	13-12-23 15:03:46.568290
613306.1	100.0	0.0	0	13-12-23 15:03:46.589640
733655.8	100.0	0.0	0	13-12-23 15:03:46.611354
815634.0	100.0	0.0	0	13-12-23 15:03:46.635525
901437.9	100.0	0.0	0	13-12-23 15:03:46.657054
963915.4	100.0	0.0	0	13-12-23 15:03:46.682511
996421.2	100.0	0.0	0	13-12-23 15:03:46.704145
1016402.0	100.0	0.0	0	13-12-23 15:03:46.726392
1011593.0	100.0	0.0	0	13-12-23 15:03:46.751555
986051.6	100.0	0.0	0	13-12-23 15:03:46.773189
946575.0	100.0	0.0	0	13-12-23 15:03:46.799074
876915.6	100.0	0.0	0	13-12-23 15:03:46.821374
786410.0	100.0	0.0	0	13-12-23 15:03:46.843520
697847.3	100.0	0.0	0	13-12-23 15:03:46.868861
574021.4	100.0	0.0	0	13-12-23 15:03:46.890411
435221.4	100.0	0.0	0	13-12-23 15:03:46.916023
286034.4	100.0	0.0	0	13-12-23 15:03:46.937579
161612.6	100.0	0.0	0	13-12-23 15:03:46.959455
34527.56	100.0	0.0	0	13-12-23 15:03:46.986293
-124684.2	100.0	0.0	0	13-12-23 15:03:47.008340
-280595.7	100.0	0.0	0	13-12-23 15:03:47.033375
-428970.6	100.0	0.0	0	13-12-23 15:03:47.055515
-540882.8	100.0	0.0	0	13-12-23 15:03:47.077605
-666808.2	100.0	0.0	0	13-12-23 15:03:47.101823
-756472.4	100.0	0.0	0	13-12-23 15:03:47.123857
-850248.6	100.0	0.0	0	13-12-23 15:03:47.148777
-909572.3	100.0	0.0	0	13-12-23 15:03:47.170875
-963790.5	100.0	0.0	0	13-12-23 15:03:47.192742
-988493.0	100.0	0.0	0	13-12-23 15:03:47.219602
-996532.8	100.0	0.0	0	13-12-23 15:03:47.241818
-982122.7	100.0	0.0	0	13-12-23 15:03:47.266032
-940134.1	100.0	0.0	0	13-12-23 15:03:47.288016
-890906.2	100.0	0.0	0	13-12-23 15:03:47.310091
-825966.3	100.0	0.0	0	13-12-23 15:03:47.336644
-726557.0	100.0	0.0	0	13-12-23 15:03:47.359004
-608390.8	100.0	0.0	0	13-12-23 15:03:47.382838
-502433.6	100.0	0.0	0	13-12-23 15:03:47.404952
-358905.2	100.0	0.0	0	13-12-23 15:03:47.427004
-237325.1	100.0	0.0	0	13-12-23 15:03:47.452162
-80179.89	100.0	0.0	0	13-12-23 15:03:47.474259
79275.27	100.0	0.0	0	13-12-23 15:03:47.498810
205596.7	100.0	0.0	0	13-12-23 15:03:47.520845
358835.7	100.0	0.0	0	13-12-23 15:03:47.542886
475034.0	100.0	0.0	0	13-12-23 15:03:47.569109
609627.3	100.0	0.0	0	13-12-23 15:03:47.591172
729421.2	100.0	0.0	0	13-12-23 15:03:47.615347
830738.9	100.0	0.0	0	13-12-23 15:03:47.637321
897064.8	100.0	0.0	0	13-12-23 15:03:47.659314
948509.4	100.0	0.0	0	13-12-23 15:03:47.685921
996861.9	100.0	0.0	0	13-12-23 15:03:47.708014
1010496.0	100.0	0.0	0	13-12-23 15:03:47.731978
1003338.0	100.0	0.0	0	13-12-23 15:03:47.753836
979451.7	100.0	0.0	0	13-12-23 15:03:47.775807
940013.1	100.0	0.0	0	13-12-23 15:03:47.802359
868882.2	100.0	0.0	0	13-12-23 15:03:47.824345
776474.1	100.0	0.0	0	13-12-23 15:03:47.849217
687885.5	100.0	0.0	0	13-12-23 15:03:47.871325
561504.6	100.0	0.0	0	13-12-23 15:03:47.893436
450828.8	100.0	0.0	0	13-12-23 15:03:47.919065
302083.1	100.0	0.0	0	13-12-23 15:03:47.941287
146277.1	100.0	0.0	0	13-12-23 15:03:47.966041
-13011.04	100.0	0.0	0	13-12-23 15:03:47.988141
-140138.2	100.0	0.0	0	13-12-23 15:03:48.010314
-265058.9	100.0	0.0	0	13-12-23 15:03:48.035243
-414400.6	100.0	0.0	0	13-12-23 15:03:48.057383
-552742.5	100.0	0.0	0	13-12-23 15:03:48.087904
-700107.3	100.0	0.0	0	13-12-23 15:03:48.112654
-784546.9	100.0	0.0	0	13-12-23 15:03:48.135681
-871004.1	100.0	0.0	0	13-12-23 15:03:48.157703
-935657.5	100.0	0.0	0	13-12-23 15:03:48.183032
-970546.0	100.0	0.0	0	13-12-23 15:03:48.204818
-992177.5	100.0	0.0	0	13-12-23 15:03:48.227340
-991427.9	100.0	0.0	0	13-12-23 15:03:48.252391
-966752.8	100.0	0.0	0	13-12-23 15:03:48.275062
-905427.1	100.0	0.0	0	13-12-23 15:03:48.301521
-845355.0	100.0	0.0	0	13-12-23 15:03:48.323334
-771699.0	100.0	0.0	0	13-12-23 15:03:48.345111
-685473.8	100.0	0.0	0	13-12-23 15:03:48.366766
-561098.4	100.0	0.0	0	13-12-23 15:03:48.388939
-452087.8	100.0	0.0	0	13-12-23 15:03:48.411884
-304845.7	100.0	0.0	0	13-12-23 15:03:48.434725
-181288.0	100.0	0.0	0	13-12-23 15:03:48.456784
-22729.15	100.0	0.0	0	13-12-23 15:03:48.482634
136554.5	100.0	0.0	0	13-12-23 15:03:48.505048
262089.7	100.0	0.0	0	13-12-23 15:03:48.527000
383259.9	100.0	0.0	0	13-12-23 15:03:48.551497
525769.7	100.0	0.0	0	13-12-23 15:03:48.573402
655515.1	100.0	0.0	0	13-12-23 15:03:48.598867
746899.8	100.0	0.0	0	13-12-23 15:03:48.620492
844485.6	100.0	0.0	0	13-12-23 15:03:48.642228
907404.6	100.0	0.0	0	13-12-23 15:03:48.668119
965374.0	100.0	0.0	0	13-12-23 15:03:48.690135
1000435.0	100.0	0.0	0	13-12-23 15:03:48.715871
1009302.0	100.0	0.0	0	13-12-23 15:03:48.737843
998933.0	100.0	0.0	0	13-12-23 15:03:48.759824
963189.7	100.0	0.0	0	13-12-23 15:03:48.785275
903046.1	100.0	0.0	0	13-12-23 15:03:48.807524
840189.5	100.0	0.0	0	13-12-23 15:03:48.832641
740703.9	100.0	0.0	0	13-12-23 15:03:48.854689
648802.9	100.0	0.0	0	13-12-23 15:03:48.876883
518540.7	100.0	0.0	0	13-12-23 15:03:48.901706
375318.3	100.0	0.0	0	13-12-23 15:03:48.923921
223173.8	100.0	0.0	0	13-12-23 15:03:48.949124
96940.59	100.0	0.0	0	13-12-23 15:03:48.971232
-62477.81	100.0	0.0	0	13-12-23 15:03:48.993404
-189217.1	100.0	0.0	0	13-12-23 15:03:49.019132
-342924.7	100.0	0.0	0	13-12-23 15:03:49.041128
-488605.8	100.0	0.0	0	13-12-23 15:03:49.065383
-621182.4	100.0	0.0	0	13-12-23 15:03:49.087407
-716414.5	100.0	0.0	0	13-12-23 15:03:49.109511
-800301.0	100.0	0.0	0	13-12-23 15:03:49.135311
-885493.4	100.0	0.0	0	13-12-23 15:03:49.157315
-950182.1	100.0	0.0	0	13-12-23 15:03:49.183089
-989923.9	100.0	0.0	0	13-12-23 15:03:49.204750
-1004372.0	100.0	0.0	0	13-12-23 15:03:49.226371
-1002817.0	100.0	0.0	0	13-12-23 15:03:49.252880
-977342.6	100.0	0.0	0	13-12-23 15:03:49.274856
-928508.3	100.0	0.0	0	13-12-23 15:03:49.299379
-855255.1	100.0	0.0	0	13-12-23 15:03:49.321568
-781647.0	100.0	0.0	0	13-12-23 15:03:49.343637
-672463.1	100.0	0.0	0	13-12-23 15:03:49.368714
-572165.0	100.0	0.0	0	13-12-23 15:03:49.390920
-434638.1	100.0	0.0	0	13-12-23 15:03:49.412357
-315927.0	100.0	0.0	0	13-12-23 15:03:49.434938
-192781.1	100.0	0.0	0	13-12-23 15:03:49.456839
-34235.36	100.0	0.0	0	13-12-23 15:03:49.482764
125025.8	100.0	0.0	0	13-12-23 15:03:49.504559
250787.3	100.0	0.0	0	13-12-23 15:03:49.526141
401489.6	100.0	0.0	0	13-12-23 15:03:49.552253
542888.1	100.0	0.0	0	13-12-23 15:03:49.574295
670832.6	100.0	0.0	0	13-12-23 15:03:49.599647
761068.0	100.0	0.0	0	13-12-23 15:03:49.621750
857471.4	100.0	0.0	0	13-12-23 15:03:49.643865
917634.2	100.0	0.0	0	13-12-23 15:03:49.668801
974157.0	100.0	0.0	0	13-12-23 15:03:49.690988
1006103.0	100.0	0.0	0	13-12-23 15:03:49.715824
1013362.0	100.0	0.0	0	13-12-23 15:03:49.737739
1000645.0	100.0	0.0	0	13-12-23 15:03:49.759926
970508.7	100.0	0.0	0	13-12-23 15:03:49.784901
912648.0	100.0	0.0	0	13-12-23 15:03:49.807165
832368.7	100.0	0.0	0	13-12-23 15:03:49.832399
752351.6	100.0	0.0	0	13-12-23 15:03:49.854675
637001.9	100.0	0.0	0	13-12-23 15:03:49.876750
531915.1	100.0	0.0	0	13-12-23 15:03:49.902208
389861.4	100.0	0.0	0	13-12-23 15:03:49.924265
238152.7	100.0	0.0	0	13-12-23 15:03:49.949363
80454.04	100.0	0.0	0	13-12-23 15:03:49.971803
-47172.52	100.0	0.0	0	13-12-23 15:03:49.994049
-205226.9	100.0	0.0	0	13-12-23 15:03:50.019129
-358042.7	100.0	0.0	0	13-12-23 15:03:50.041636
-502439.4	100.0	0.0	0	13-12-23 15:03:50.065833
-608031.9	100.0	0.0	0	13-12-23 15:03:50.087805
-705416.1	100.0	0.0	0	13-12-23 15:03:50.110116
-808720.4	100.0	0.0	0	13-12-23 15:03:50.135599
-892546.1	100.0	0.0	0	13-12-23 15:03:50.157589
-944091.7	100.0	0.0	0	13-12-23 15:03:50.183433
-986165.6	100.0	0.0	0	13-12-23 15:03:50.205509
-1004646.0	100.0	0.0	0	13-12-23 15:03:50.227481
-999901.1	100.0	0.0	0	13-12-23 15:03:50.252823
-972099.8	100.0	0.0	0	13-12-23 15:03:50.274870
-920993.9	100.0	0.0	0	13-12-23 15:03:50.299151
-861707.3	100.0	0.0	0	13-12-23 15:03:50.321370
-770670.0	100.0	0.0	0	13-12-23 15:03:50.344047
-682195.0	100.0	0.0	0	13-12-23 15:03:50.367928
-557449.6	100.0	0.0	0	13-12-23 15:03:50.389859
-447197.0	100.0	0.0	0	13-12-23 15:03:50.415684
-299457.8	100.0	0.0	0	13-12-23 15:03:50.438120
-144300.3	100.0	0.0	0	13-12-23 15:03:50.460496
-16970.85	100.0	0.0	0	13-12-23 15:03:50.484895
142149.1	100.0	0.0	0	13-12-23 15:03:50.507095
298095.4	100.0	0.0	0	13-12-23 15:03:50.532382
446231.1	100.0	0.0	0	13-12-23 15:03:50.553991
558107.3	100.0	0.0	0	13-12-23 15:03:50.575629
659496.0	100.0	0.0	0	13-12-23 15:03:50.601901
772688.7	100.0	0.0	0	13-12-23 15:03:50.623806
866554.6	100.0	0.0	0	13-12-23 15:03:50.649626
938525.2	100.0	0.0	0	13-12-23 15:03:50.671286
981129.7	100.0	0.0	0	13-12-23 15:03:50.693478
1009943.0	100.0	0.0	0	13-12-23 15:03:50.718457
1014840.0	100.0	0.0	0	13-12-23 15:03:50.740300
994939.9	100.0	0.0	0	13-12-23 15:03:50.765487
960209.1	100.0	0.0	0	13-12-23 15:03:50.787545
911828.6	100.0	0.0	0	13-12-23 15:03:50.809578
828891.2	100.0	0.0	0	13-12-23 15:03:50.835279
727104.1	100.0	0.0	0	13-12-23 15:03:50.857401
606890.1	100.0	0.0	0	13-12-23 15:03:50.882793
499707.2	100.0	0.0	0	13-12-23 15:03:50.904505
355448.9	100.0	0.0	0	13-12-23 15:03:50.926228
232682.3	100.0	0.0	0	13-12-23 15:03:50.952429
75049.63	100.0	0.0	0	13-12-23 15:03:50.974448
-84406.87	100.0	0.0	0	13-12-23 15:03:50.999009
-210234.4	100.0	0.0	0	13-12-23 15:03:51.021498
-362823.0	100.0	0.0	0	13-12-23 15:03:51.043477
-477648.7	100.0	0.0	0	13-12-23 15:03:51.068044
-610963.9	100.0	0.0	0	13-12-23 15:03:51.090687
-728640.8	100.0	0.0	0	13-12-23 15:03:51.116307
-827458.2	100.0	0.0	0	13-12-23 15:03:51.137958
-893199.9	100.0	0.0	0	13-12-23 15:03:51.159946
-942495.6	100.0	0.0	0	13-12-23 15:03:51.186490
-990184.2	100.0	0.0	0	13-12-23 15:03:51.208734
-1002303.0	100.0	0.0	0	13-12-23 15:03:51.232722
-993586.7	100.0	0.0	0	13-12-23 15:03:51.255259
-969764.9	100.0	0.0	0	13-12-23 15:03:51.277179
-916452.0	100.0	0.0	0	13-12-23 15:03:51.301511
-858626.2	100.0	0.0	0	13-12-23 15:03:51.323438
-764985.5	100.0	0.0	0	13-12-23 15:03:51.348820
-651977.5	100.0	0.0	0	13-12-23 15:03:51.370816
-550709.1	100.0	0.0	0	13-12-23 15:03:51.392895
-439381.5	100.0	0.0	0	13-12-23 15:03:51.418531
-291143.9	100.0	0.0	0	13-12-23 15:03:51.440693
-135300.3	100.0	0.0	0	13-12-23 15:03:51.465936
-8034.22	100.0	0.0	0	13-12-23 15:03:51.487560
150849.2	100.0	0.0	0	13-12-23 15:03:51.542177
452978.5	100.0	0.0	0	13-12-23 15:03:51.564324
588936.1	100.0	0.0	0	13-12-23 15:03:51.585987
686804.2	100.0	0.0	0	13-12-23 15:03:51.607814
794237.8	100.0	0.0	0	13-12-23 15:03:51.632114
881480.3	100.0	0.0	0	13-12-23 15:03:51.654331
935176.4	100.0	0.0	0	13-12-23 15:03:51.676297
974719.2	100.0	0.0	0	13-12-23 15:03:51.701597
1001167.0	100.0	0.0	0	13-12-23 15:03:51.723571
1003690.0	100.0	0.0	0	13-12-23 15:03:51.749027
980659.4	100.0	0.0	0	13-12-23 15:03:51.770865
943647.3	100.0	0.0	0	13-12-23 15:03:51.792924
892323.9	100.0	0.0	0	13-12-23 15:03:51.818209
807408.5	100.0	0.0	0	13-12-23 15:03:51.839819
724970.7	100.0	0.0	0	13-12-23 15:03:51.865662
604763.9	100.0	0.0	0	13-12-23 15:03:51.887581
469420.5	100.0	0.0	0	13-12-23 15:03:51.909179
352697.2	100.0	0.0	0	13-12-23 15:03:51.935217
198947.9	100.0	0.0	0	13-12-23 15:03:51.957158
40493.04	100.0	0.0	0	13-12-23 15:03:51.982809
-118690.1	100.0	0.0	0	13-12-23 15:03:52.004962
-243727.0	100.0	0.0	0	13-12-23 15:03:52.027019
-365053.0	100.0	0.0	0	13-12-23 15:03:52.052164
-507675.2	100.0	0.0	0	13-12-23 15:03:52.073739
-636482.4	100.0	0.0	0	13-12-23 15:03:52.099060
-750304.3	100.0	0.0	0	13-12-23 15:03:52.121597
-826712.6	100.0	0.0	0	13-12-23 15:03:52.143656
-891031.4	100.0	0.0	0	13-12-23 15:03:52.169316
-949896.5	100.0	0.0	0	13-12-23 15:03:52.191180
-984238.8	100.0	0.0	0	13-12-23 15:03:52.215832
-993990.8	100.0	0.0	0	13-12-23 15:03:52.237711
-983683.5	100.0	0.0	0	13-12-23 15:03:52.259749
-957527.0	100.0	0.0	0	13-12-23 15:03:52.285537
-901960.6	100.0	0.0	0	13-12-23 15:03:52.307505
-823942.5	100.0	0.0	0	13-12-23 15:03:52.333132
-745903.5	100.0	0.0	0	13-12-23 15:03:52.354997
-631215.1	100.0	0.0	0	13-12-23 15:03:52.376863
-527624.6	100.0	0.0	0	13-12-23 15:03:52.403214
-386317.7	100.0	0.0	0	13-12-23 15:03:52.425310
-234932.3	100.0	0.0	0	13-12-23 15:03:52.450294
-77501.9	100.0	0.0	0	13-12-23 15:03:52.472104
50082.62	100.0	0.0	0	13-12-23 15:03:52.493976
208200.4	100.0	0.0	0	13-12-23 15:03:52.518306
331358.4	100.0	0.0	0	13-12-23 15:03:52.540278
477669.5	100.0	0.0	0	13-12-23 15:03:52.566152
611434.0	100.0	0.0	0	13-12-23 15:03:52.587970
708250.5	100.0	0.0	0	13-12-23 15:03:52.610061
793286.5	100.0	0.0	0	13-12-23 15:03:52.635287
881818.8	100.0	0.0	0	13-12-23 15:03:52.656937
948737.2	100.0	0.0	0	13-12-23 15:03:52.682415
990860.8	100.0	0.0	0	13-12-23 15:03:52.704148
1007796.0	100.0	0.0	0	13-12-23 15:03:52.726215
1007130.0	100.0	0.0	0	13-12-23 15:03:52.751978
984934.9	100.0	0.0	0	13-12-23 15:03:52.773775
936963.2	100.0	0.0	0	13-12-23 15:03:52.799198
865288.8	100.0	0.0	0	13-12-23 15:03:52.821221
793058.1	100.0	0.0	0	13-12-23 15:03:52.843336
706985.6	100.0	0.0	0	13-12-23 15:03:52.869002
584333.8	100.0	0.0	0	13-12-23 15:03:52.890861
447322.7	100.0	0.0	0	13-12-23 15:03:52.916054
298780.0	100.0	0.0	0	13-12-23 15:03:52.937614
174548.0	100.0	0.0	0	13-12-23 15:03:52.959275
47577.45	100.0	0.0	0	13-12-23 15:03:52.986019
-143230.7	100.0	0.0	0	13-12-23 15:03:53.008691
-268117.5	100.0	0.0	0	13-12-23 15:03:53.032460
-417430.3	100.0	0.0	0	13-12-23 15:03:53.054530
-529230.3	100.0	0.0	0	13-12-23 15:03:53.076588
-632566.8	100.0	0.0	0	13-12-23 15:03:53.103319
-767001.2	100.0	0.0	0	13-12-23 15:03:53.125110
-858182.8	100.0	0.0	0	13-12-23 15:03:53.149553
-915547.3	100.0	0.0	0	13-12-23 15:03:53.171051
-958120.6	100.0	0.0	0	13-12-23 15:03:53.193109
-985322.9	100.0	0.0	0	13-12-23 15:03:53.220281
-995125.7	100.0	0.0	0	13-12-23 15:03:53.242078
-976130.3	100.0	0.0	0	13-12-23 15:03:53.265819
-942973.6	100.0	0.0	0	13-12-23 15:03:53.287574
-893950.6	100.0	0.0	0	13-12-23 15:03:53.309566
-813127.4	100.0	0.0	0	13-12-23 15:03:53.335593
-710717.6	100.0	0.0	0	13-12-23 15:03:53.357804
-591182.8	100.0	0.0	0	13-12-23 15:03:53.382437
-484383.1	100.0	0.0	0	13-12-23 15:03:53.404359
-369441.0	100.0	0.0	0	13-12-23 15:03:53.426223
-217676.0	100.0	0.0	0	13-12-23 15:03:53.452337
-59701.76	100.0	0.0	0	13-12-23 15:03:53.474406
99589.85	100.0	0.0	0	13-12-23 15:03:53.499523
225768.5	100.0	0.0	0	13-12-23 15:03:53.521911
377870.7	100.0	0.0	0	13-12-23 15:03:53.543803
493681.6	100.0	0.0	0	13-12-23 15:03:53.569718
626254.0	100.0	0.0	0	13-12-23 15:03:53.591977
743319.6	100.0	0.0	0	13-12-23 15:03:53.616000
824801.1	100.0	0.0	0	13-12-23 15:03:53.638107
905950.2	100.0	0.0	0	13-12-23 15:03:53.659972
956762.7	100.0	0.0	0	13-12-23 15:03:53.685688
996627.6	100.0	0.0	0	13-12-23 15:03:53.707526
1012026.0	100.0	0.0	0	13-12-23 15:03:53.732793
1007376.0	100.0	0.0	0	13-12-23 15:03:53.754519
976498.0	100.0	0.0	0	13-12-23 15:03:53.776342
936479.4	100.0	0.0	0	13-12-23 15:03:53.802008
863365.2	100.0	0.0	0	13-12-23 15:03:53.824332
769240.8	100.0	0.0	0	13-12-23 15:03:53.849135
680820.1	100.0	0.0	0	13-12-23 15:03:53.870948
553609.4	100.0	0.0	0	13-12-23 15:03:53.893268
443083.6	100.0	0.0	0	13-12-23 15:03:53.919096
294094.5	100.0	0.0	0	13-12-23 15:03:53.940908
138210.8	100.0	0.0	0	13-12-23 15:03:53.965618
-21017.95	100.0	0.0	0	13-12-23 15:03:53.987168
-148038.2	100.0	0.0	0	13-12-23 15:03:54.009222
-272706.1	100.0	0.0	0	13-12-23 15:03:54.035066
-421816.7	100.0	0.0	0	13-12-23 15:03:54.057070
-560156.0	100.0	0.0	0	13-12-23 15:03:54.082486
-685153.2	100.0	0.0	0	13-12-23 15:03:54.104414
-771486.8	100.0	0.0	0	13-12-23 15:03:54.126148
-846599.9	100.0	0.0	0	13-12-23 15:03:54.153177
-920100.9	100.0	0.0	0	13-12-23 15:03:54.174905
-969186.4	100.0	0.0	0	13-12-23 15:03:54.199714
-994929.7	100.0	0.0	0	13-12-23 15:03:54.221448
-996722.9	100.0	0.0	0	13-12-23 15:03:54.243380
-982505.0	100.0	0.0	0	13-12-23 15:03:54.269280
-943050.8	100.0	0.0	0	13-12-23 15:03:54.290839
-878649.0	100.0	0.0	0	13-12-23 15:03:54.315737
-793089.4	100.0	0.0	0	13-12-23 15:03:54.337313
-709402.1	100.0	0.0	0	13-12-23 15:03:54.359226
-614399.4	100.0	0.0	0	13-12-23 15:03:54.386726
-453908.0	100.0	0.0	0	13-12-23 15:03:54.408580
-336885.9	100.0	0.0	0	13-12-23 15:03:54.433031
-183477.9	100.0	0.0	0	13-12-23 15:03:54.454553
-56832.02	100.0	0.0	0	13-12-23 15:03:54.476485
70735.53	100.0	0.0	0	13-12-23 15:03:54.502974
228622.2	100.0	0.0	0	13-12-23 15:03:54.524841
380802.5	100.0	0.0	0	13-12-23 15:03:54.549339
523423.6	100.0	0.0	0	13-12-23 15:03:54.571264
628123.4	100.0	0.0	0	13-12-23 15:03:54.593105
722837.8	100.0	0.0	0	13-12-23 15:03:54.619459
843084.9	100.0	0.0	0	13-12-23 15:03:54.641317
906809.3	100.0	0.0	0	13-12-23 15:03:54.665628
964210.5	100.0	0.0	0	13-12-23 15:03:54.687356
993800.6	100.0	0.0	0	13-12-23 15:03:54.709279
1005993.0	100.0	0.0	0	13-12-23 15:03:54.736308
995853.4	100.0	0.0	0	13-12-23 15:03:54.758383
968962.3	100.0	0.0	0	13-12-23 15:03:54.782706
912756.2	100.0	0.0	0	13-12-23 15:03:54.804823
852167.3	100.0	0.0	0	13-12-23 15:03:54.826371
776672.9	100.0	0.0	0	13-12-23 15:03:54.853397
641435.1	100.0	0.0	0	13-12-23 15:03:54.875521
510947.5	100.0	0.0	0	13-12-23 15:03:54.899105
397034.0	100.0	0.0	0	13-12-23 15:03:54.921138
277075.7	100.0	0.0	0	13-12-23 15:03:54.942765
152279.9	100.0	0.0	0	13-12-23 15:03:54.968816
-6643.4	100.0	0.0	0	13-12-23 15:03:54.990317
-165405.8	100.0	0.0	0	13-12-23 15:03:55.016096
-319730.9	100.0	0.0	0	13-12-23 15:03:55.037721
-437123.6	100.0	0.0	0	13-12-23 15:03:55.059733
-547452.3	100.0	0.0	0	13-12-23 15:03:55.086117
-671874.8	100.0	0.0	0	13-12-23 15:03:55.108339
-779368.6	100.0	0.0	0	13-12-23 15:03:55.132289
-851215.0	100.0	0.0	0	13-12-23 15:03:55.154375
-920378.2	100.0	0.0	0	13-12-23 15:03:55.176727
-959215.9	100.0	0.0	0	13-12-23 15:03:55.203228
-988232.8	100.0	0.0	0	13-12-23 15:03:55.225482
-987623.1	100.0	0.0	0	13-12-23 15:03:55.249487
-963904.4	100.0	0.0	0	13-12-23 15:03:55.271103
-926968.9	100.0	0.0	0	13-12-23 15:03:55.293153
-875032.8	100.0	0.0	0	13-12-23 15:03:55.318950
-790197.3	100.0	0.0	0	13-12-23 15:03:55.340964
-685448.7	100.0	0.0	0	13-12-23 15:03:55.366444
-562242.9	100.0	0.0	0	13-12-23 15:03:55.388510
-453385.2	100.0	0.0	0	13-12-23 15:03:55.409966
-337025.3	100.0	0.0	0	13-12-23 15:03:55.435927
-183902.1	100.0	0.0	0	13-12-23 15:03:55.457646
-25647.98	100.0	0.0	0	13-12-23 15:03:55.483521
133579.6	100.0	0.0	0	13-12-23 15:03:55.505119
258894.8	100.0	0.0	0	13-12-23 15:03:55.527118
380221.0	100.0	0.0	0	13-12-23 15:03:55.552705
523154.6	100.0	0.0	0	13-12-23 15:03:55.574354
652419.3	100.0	0.0	0	13-12-23 15:03:55.599593
744417.1	100.0	0.0	0	13-12-23 15:03:55.621366
842156.7	100.0	0.0	0	13-12-23 15:03:55.643194
904459.7	100.0	0.0	0	13-12-23 15:03:55.670307
971399.9	100.0	0.0	0	13-12-23 15:03:55.692155
996289.2	100.0	0.0	0	13-12-23 15:03:55.717038
1005361.0	100.0	0.0	0	13-12-23 15:03:55.739000
994349.8	100.0	0.0	0	13-12-23 15:03:55.760566
957317.6	100.0	0.0	0	13-12-23 15:03:55.784529
911301.2	100.0	0.0	0	13-12-23 15:03:55.806386
832651.3	100.0	0.0	0	13-12-23 15:03:55.832527
734065.6	100.0	0.0	0	13-12-23 15:03:55.854076
641167.4	100.0	0.0	0	13-12-23 15:03:55.875927
538111.5	100.0	0.0	0	13-12-23 15:03:55.902107
397493.8	100.0	0.0	0	13-12-23 15:03:55.923984
244281.9	100.0	0.0	0	13-12-23 15:03:55.949384
86191.76	100.0	0.0	0	13-12-23 15:03:55.971312
-41455.16	100.0	0.0	0	13-12-23 15:03:55.993044
-168799.9	100.0	0.0	0	13-12-23 15:03:56.019789
-326325.3	100.0	0.0	0	13-12-23 15:03:56.041899
-479794.1	100.0	0.0	0	13-12-23 15:03:56.067841
-627660.9	100.0	0.0	0	13-12-23 15:03:56.089495
-740763.9	100.0	0.0	0	13-12-23 15:03:56.111547
-873602.8	100.0	0.0	0	13-12-23 15:03:56.134994
-973068.3	100.0	0.0	0	13-12-23 15:03:56.156951
-1086993.0	100.0	0.0	0	13-12-23 15:03:56.182230
-1169919.0	100.0	0.0	0	13-12-23 15:03:56.204218
-1262857.0	100.0	0.0	0	13-12-23 15:03:56.225991
-1231914.0	100.0	0.0	0	13-12-23 15:03:56.252884
-1122803.0	100.0	0.0	0	13-12-23 15:03:56.275058
-1040156.0	100.0	0.0	0	13-12-23 15:03:56.300214
-926241.9	100.0	0.0	0	13-12-23 15:03:56.322312
-827664.6	100.0	0.0	0	13-12-23 15:03:56.344345
-694760.9	100.0	0.0	0	13-12-23 15:03:56.367674
-582870.2	100.0	0.0	0	13-12-23 15:03:56.389432
-435277.6	100.0	0.0	0	13-12-23 15:03:56.415317
-282041.0	100.0	0.0	0	13-12-23 15:03:56.436911
-154353.5	100.0	0.0	0	13-12-23 15:03:56.459178
-26619.74	100.0	0.0	0	13-12-23 15:03:56.485797
133031.2	100.0	0.0	0	13-12-23 15:03:56.507813
292620.8	100.0	0.0	0	13-12-23 15:03:56.532514
452221.4	100.0	0.0	0	13-12-23 15:03:56.554639
579868.6	100.0	0.0	0	13-12-23 15:03:56.576667
707570.6	100.0	0.0	0	13-12-23 15:03:56.602367
867222.1	100.0	0.0	0	13-12-23 15:03:56.624188
1026823.0	100.0	0.0	0	13-12-23 15:03:56.649714
1186472.0	100.0	0.0	0	13-12-23 15:03:56.671410
1314187.0	100.0	0.0	0	13-12-23 15:03:56.693295
1441912.0	100.0	0.0	0	13-12-23 15:03:56.718579
1570482.0	100.0	0.0	0	13-12-23 15:03:56.740468
1411776.0	100.0	0.0	0	13-12-23 15:03:56.765673
1284109.0	100.0	0.0	0	13-12-23 15:03:56.787201
1124500.0	100.0	0.0	0	13-12-23 15:03:56.809055
996839.7	100.0	0.0	0	13-12-23 15:03:56.836471
805340.8	100.0	0.0	0	13-12-23 15:03:56.858700
677668.4	100.0	0.0	0	13-12-23 15:03:56.882698
518070.0	100.0	0.0	0	13-12-23 15:03:56.904829
390369.1	100.0	0.0	0	13-12-23 15:03:56.926422
262679.2	100.0	0.0	0	13-12-23 15:03:56.952340
103086.2	100.0	0.0	0	13-12-23 15:03:56.974124
-56557.84	100.0	0.0	0	13-12-23 15:03:56.999693
-216205.0	100.0	0.0	0	13-12-23 15:03:57.021507
-343912.3	100.0	0.0	0	13-12-23 15:03:57.043229
-471638.7	100.0	0.0	0	13-12-23 15:03:57.069582
-631261.4	100.0	0.0	0	13-12-23 15:03:57.091871
-790908.6	100.0	0.0	0	13-12-23 15:03:57.116364
-950548.8	100.0	0.0	0	13-12-23 15:03:57.138314
-1078245.0	100.0	0.0	0	13-12-23 15:03:57.159798
-1205954.0	100.0	0.0	0	13-12-23 15:03:57.186207
-1397514.0	100.0	0.0	0	13-12-23 15:03:57.208364
-1525216.0	100.0	0.0	0	13-12-23 15:03:57.233122
-1462256.0	100.0	0.0	0	13-12-23 15:03:57.254648
-1334558.0	100.0	0.0	0	13-12-23 15:03:57.276396
-1206872.0	100.0	0.0	0	13-12-23 15:03:57.303101
-1015363.0	100.0	0.0	0	13-12-23 15:03:57.324853
-887676.2	100.0	0.0	0	13-12-23 15:03:57.350355
-728071.1	100.0	0.0	0	13-12-23 15:03:57.372104
-600397.5	100.0	0.0	0	13-12-23 15:03:57.393867
-440820.5	100.0	0.0	0	13-12-23 15:03:57.418054
-313125.9	100.0	0.0	0	13-12-23 15:03:57.439571
-153529.6	100.0	0.0	0	13-12-23 15:03:57.465407
6071.34	100.0	0.0	0	13-12-23 15:03:57.486965
133780.8	100.0	0.0	0	13-12-23 15:03:57.508527
261477.1	100.0	0.0	0	13-12-23 15:03:57.535781
421112.4	100.0	0.0	0	13-12-23 15:03:57.557862
580736.3	100.0	0.0	0	13-12-23 15:03:57.582926
740343.8	100.0	0.0	0	13-12-23 15:03:57.604957
868048.6	100.0	0.0	0	13-12-23 15:03:57.626950
995739.7	100.0	0.0	0	13-12-23 15:03:57.652080
1155360.0	100.0	0.0	0	13-12-23 15:03:57.673461
1314978.0	100.0	0.0	0	13-12-23 15:03:57.698897
1474604.0	100.0	0.0	0	13-12-23 15:03:57.720473
1538417.0	100.0	0.0	0	13-12-23 15:03:57.742558
1410727.0	100.0	0.0	0	13-12-23 15:03:57.769601
1251132.0	100.0	0.0	0	13-12-23 15:03:57.791850
1091548.0	100.0	0.0	0	13-12-23 15:03:57.815840
963878.0	100.0	0.0	0	13-12-23 15:03:57.837488
804253.8	100.0	0.0	0	13-12-23 15:03:57.859535
676548.9	100.0	0.0	0	13-12-23 15:03:57.886041
516914.4	100.0	0.0	0	13-12-23 15:03:57.908257
357301.1	100.0	0.0	0	13-12-23 15:03:57.933288
197657.5	100.0	0.0	0	13-12-23 15:03:57.955502
69947.51	100.0	0.0	0	13-12-23 15:03:57.977360
-89673.46	100.0	0.0	0	13-12-23 15:03:58.001187
-217382.9	100.0	0.0	0	13-12-23 15:03:58.022853
-377011.0	100.0	0.0	0	13-12-23 15:03:58.048910
-536599.1	100.0	0.0	0	13-12-23 15:03:58.070844
-664281.9	100.0	0.0	0	13-12-23 15:03:58.092808
-791961.1	100.0	0.0	0	13-12-23 15:03:58.119423
-951545.1	100.0	0.0	0	13-12-23 15:03:58.141770
-1111114.0	100.0	0.0	0	13-12-23 15:03:58.168078
-1270715.0	100.0	0.0	0	13-12-23 15:03:58.190061
-1398399.0	100.0	0.0	0	13-12-23 15:03:58.211961
-1527380.0	100.0	0.0	0	13-12-23 15:03:58.236091
-1431627.0	100.0	0.0	0	13-12-23 15:03:58.262884
-1240146.0	100.0	0.0	0	13-12-23 15:03:58.284755
-1112488.0	100.0	0.0	0	13-12-23 15:03:58.306225
-984814.2	100.0	0.0	0	13-12-23 15:03:58.328220
-825188.2	100.0	0.0	0	13-12-23 15:03:58.351826
-665542.9	100.0	0.0	0	13-12-23 15:03:58.373609
-537802.6	100.0	0.0	0	13-12-23 15:03:58.399295
-378145.7	100.0	0.0	0	13-12-23 15:03:58.421339
-250438.6	100.0	0.0	0	13-12-23 15:03:58.443073
-122725.2	100.0	0.0	0	13-12-23 15:03:58.468607
36915.07	100.0	0.0	0	13-12-23 15:03:58.490493
196530.4	100.0	0.0	0	13-12-23 15:03:58.516550
356161.9	100.0	0.0	0	13-12-23 15:03:58.538666
483813.2	100.0	0.0	0	13-12-23 15:03:58.560885
611470.3	100.0	0.0	0	13-12-23 15:03:58.585991
771040.7	100.0	0.0	0	13-12-23 15:03:58.607704
930623.5	100.0	0.0	0	13-12-23 15:03:58.633211
1058298.0	100.0	0.0	0	13-12-23 15:03:58.654677
1217853.0	100.0	0.0	0	13-12-23 15:03:58.676335
1345531.0	100.0	0.0	0	13-12-23 15:03:58.703127
1505150.0	100.0	0.0	0	13-12-23 15:03:58.725169
1507857.0	100.0	0.0	0	13-12-23 15:03:58.749335
1380169.0	100.0	0.0	0	13-12-23 15:03:58.770904
1220557.0	100.0	0.0	0	13-12-23 15:03:58.792688
1092853.0	100.0	0.0	0	13-12-23 15:03:58.819272
933231.3	100.0	0.0	0	13-12-23 15:03:58.841615
773575.5	100.0	0.0	0	13-12-23 15:03:58.866173
613920.0	100.0	0.0	0	13-12-23 15:03:58.888253
486194.2	100.0	0.0	0	13-12-23 15:03:58.910204
358472.9	100.0	0.0	0	13-12-23 15:03:58.937279
198859.1	100.0	0.0	0	13-12-23 15:03:58.959312
39222.71	100.0	0.0	0	13-12-23 15:03:58.984646
-120390.2	100.0	0.0	0	13-12-23 15:03:59.006629
-248085.0	100.0	0.0	0	13-12-23 15:03:59.028435
-407690.5	100.0	0.0	0	13-12-23 15:03:59.051855
-535358.2	100.0	0.0	0	13-12-23 15:03:59.073944
-694959.0	100.0	0.0	0	13-12-23 15:03:59.098837
-822637.4	100.0	0.0	0	13-12-23 15:03:59.120465
-982268.5	100.0	0.0	0	13-12-23 15:03:59.142502
-1109948.0	100.0	0.0	0	13-12-23 15:03:59.169869
-1301445.0	100.0	0.0	0	13-12-23 15:03:59.192050
-1429097.0	100.0	0.0	0	13-12-23 15:03:59.216391
-1558296.0	100.0	0.0	0	13-12-23 15:03:59.238140
-1432019.0	100.0	0.0	0	13-12-23 15:03:59.259725
-1304347.0	100.0	0.0	0	13-12-23 15:03:59.286232
-1144728.0	100.0	0.0	0	13-12-23 15:03:59.308459
-985082.8	100.0	0.0	0	13-12-23 15:03:59.332553
-857384.1	100.0	0.0	0	13-12-23 15:03:59.354104
-697751.4	100.0	0.0	0	13-12-23 15:03:59.376144
-570058.8	100.0	0.0	0	13-12-23 15:03:59.403390
-378475.2	100.0	0.0	0	13-12-23 15:03:59.425861
-250776.8	100.0	0.0	0	13-12-23 15:03:59.449548
-91125.73	100.0	0.0	0	13-12-23 15:03:59.471521
36581.35	100.0	0.0	0	13-12-23 15:03:59.494079
164275.4	100.0	0.0	0	13-12-23 15:03:59.519625
323909.8	100.0	0.0	0	13-12-23 15:03:59.541921
483526.7	100.0	0.0	0	13-12-23 15:03:59.567245
611198.4	100.0	0.0	0	13-12-23 15:03:59.589144
770816.8	100.0	0.0	0	13-12-23 15:03:59.611129
898517.7	100.0	0.0	0	13-12-23 15:03:59.636272
1058150.0	100.0	0.0	0	13-12-23 15:03:59.658606
1217749.0	100.0	0.0	0	13-12-23 15:03:59.683149
1345413.0	100.0	0.0	0	13-12-23 15:03:59.705082
1504997.0	100.0	0.0	0	13-12-23 15:03:59.727128
1506518.0	100.0	0.0	0	13-12-23 15:03:59.752883
1346937.0	100.0	0.0	0	13-12-23 15:03:59.774634
1187365.0	100.0	0.0	0	13-12-23 15:03:59.800672
1027788.0	100.0	0.0	0	13-12-23 15:03:59.822267
900118.5	100.0	0.0	0	13-12-23 15:03:59.844635
740538.7	100.0	0.0	0	13-12-23 15:03:59.868756
612852.2	100.0	0.0	0	13-12-23 15:03:59.890781
453251.0	100.0	0.0	0	13-12-23 15:03:59.916098
293612.8	100.0	0.0	0	13-12-23 15:03:59.938407
165928.1	100.0	0.0	0	13-12-23 15:03:59.960284
38260.41	100.0	0.0	0	13-12-23 15:03:59.986796
-121335.7	100.0	0.0	0	13-12-23 15:04:00.008432
-280927.1	100.0	0.0	0	13-12-23 15:04:00.034695
-440563.0	100.0	0.0	0	13-12-23 15:04:00.056876
-568239.8	100.0	0.0	0	13-12-23 15:04:00.078777
-727831.4	100.0	0.0	0	13-12-23 15:04:00.102273
-855529.1	100.0	0.0	0	13-12-23 15:04:00.124439
-1015183.0	100.0	0.0	0	13-12-23 15:04:00.149242
-1142900.0	100.0	0.0	0	13-12-23 15:04:00.171360
-1302513.0	100.0	0.0	0	13-12-23 15:04:00.193309
-1430228.0	100.0	0.0	0	13-12-23 15:04:00.219251
-1527784.0	100.0	0.0	0	13-12-23 15:04:00.241384
-1368166.0	100.0	0.0	0	13-12-23 15:04:00.266531
-1208543.0	100.0	0.0	0	13-12-23 15:04:00.322819
-825469.0	100.0	0.0	0	13-12-23 15:04:00.347901
-697780.2	100.0	0.0	0	13-12-23 15:04:00.369619
-570094.4	100.0	0.0	0	13-12-23 15:04:00.391735
-410473.3	100.0	0.0	0	13-12-23 15:04:00.414375
-282785.0	100.0	0.0	0	13-12-23 15:04:00.436038
-155074.3	100.0	0.0	0	13-12-23 15:04:00.457946
4539.26	100.0	0.0	0	13-12-23 15:04:00.480232
132246.4	100.0	0.0	0	13-12-23 15:04:00.502571
259933.2	100.0	0.0	0	13-12-23 15:04:00.529728
451460.9	100.0	0.0	0	13-12-23 15:04:00.551857
579131.7	100.0	0.0	0	13-12-23 15:04:00.574092
738689.3	100.0	0.0	0	13-12-23 15:04:00.596227
866366.9	100.0	0.0	0	13-12-23 15:04:00.618903
1026015.0	100.0	0.0	0	13-12-23 15:04:00.645422
1185653.0	100.0	0.0	0	13-12-23 15:04:00.667302
1313326.0	100.0	0.0	0	13-12-23 15:04:00.689480
1472924.0	100.0	0.0	0	13-12-23 15:04:00.711434
1570458.0	100.0	0.0	0	13-12-23 15:04:00.736791
1410820.0	100.0	0.0	0	13-12-23 15:04:00.764371
1251204.0	100.0	0.0	0	13-12-23 15:04:00.786561
1123501.0	100.0	0.0	0	13-12-23 15:04:00.813862
963924.8	100.0	0.0	0	13-12-23 15:04:00.836159
804385.3	100.0	0.0	0	13-12-23 15:04:00.857998
644886.3	100.0	0.0	0	13-12-23 15:04:00.883187
517248.1	100.0	0.0	0	13-12-23 15:04:00.905138
357691.1	100.0	0.0	0	13-12-23 15:04:00.928232
230054.1	100.0	0.0	0	13-12-23 15:04:00.952419
70486.32	100.0	0.0	0	13-12-23 15:04:00.974491
-89042.61	100.0	0.0	0	13-12-23 15:04:00.999748
-216702.1	100.0	0.0	0	13-12-23 15:04:01.021950
-376256.8	100.0	0.0	0	13-12-23 15:04:01.043405
-503868.2	100.0	0.0	0	13-12-23 15:04:01.069235
-663386.2	100.0	0.0	0	13-12-23 15:04:01.091165
-822923.8	100.0	0.0	0	13-12-23 15:04:01.116331
-982461.8	100.0	0.0	0	13-12-23 15:04:01.138333
-1110096.0	100.0	0.0	0	13-12-23 15:04:01.160468
-1237743.0	100.0	0.0	0	13-12-23 15:04:01.186625
-1429165.0	100.0	0.0	0	13-12-23 15:04:01.208745
-1588703.0	100.0	0.0	0	13-12-23 15:04:01.233655
-1462996.0	100.0	0.0	0	13-12-23 15:04:01.256482
-1303368.0	100.0	0.0	0	13-12-23 15:04:01.278636
-1175699.0	100.0	0.0	0	13-12-23 15:04:01.302038
-1016120.0	100.0	0.0	0	13-12-23 15:04:01.324048
-856602.0	100.0	0.0	0	13-12-23 15:04:01.349623
-729019.3	100.0	0.0	0	13-12-23 15:04:01.371992
-569529.8	100.0	0.0	0	13-12-23 15:04:01.393902
-441930.9	100.0	0.0	0	13-12-23 15:04:01.420967
-250520.8	100.0	0.0	0	13-12-23 15:04:01.442692
-122908.5	100.0	0.0	0	13-12-23 15:04:01.466581
36570.16	100.0	0.0	0	13-12-23 15:04:01.488855
164163.3	100.0	0.0	0	13-12-23 15:04:01.510768
323705.5	100.0	0.0	0	13-12-23 15:04:01.536263
451317.7	100.0	0.0	0	13-12-23 15:04:01.558515
610835.6	100.0	0.0	0	13-12-23 15:04:01.584203
770386.9	100.0	0.0	0	13-12-23 15:04:01.606447
898033.7	100.0	0.0	0	13-12-23 15:04:01.628568
1057587.0	100.0	0.0	0	13-12-23 15:04:01.651962
1185232.0	100.0	0.0	0	13-12-23 15:04:01.673989
1344787.0	100.0	0.0	0	13-12-23 15:04:01.699438
1504277.0	100.0	0.0	0	13-12-23 15:04:01.721742
1540264.0	100.0	0.0	0	13-12-23 15:04:01.743847
1412600.0	100.0	0.0	0	13-12-23 15:04:01.770155
1252947.0	100.0	0.0	0	13-12-23 15:04:01.792347
1093402.0	100.0	0.0	0	13-12-23 15:04:01.816139
965748.6	100.0	0.0	0	13-12-23 15:04:01.837823
806189.8	100.0	0.0	0	13-12-23 15:04:01.859753
678522.8	100.0	0.0	0	13-12-23 15:04:01.885901
518958.1	100.0	0.0	0	13-12-23 15:04:01.908254
359407.7	100.0	0.0	0	13-12-23 15:04:01.933084
199812.5	100.0	0.0	0	13-12-23 15:04:01.955041
72192.96	100.0	0.0	0	13-12-23 15:04:01.976730
-55481.65	100.0	0.0	0	13-12-23 15:04:02.003350
-215061.0	100.0	0.0	0	13-12-23 15:04:02.025651
-374654.1	100.0	0.0	0	13-12-23 15:04:02.049669
-502307.8	100.0	0.0	0	13-12-23 15:04:02.071491
-661918.8	100.0	0.0	0	13-12-23 15:04:02.093592
-789599.4	100.0	0.0	0	13-12-23 15:04:02.119657
-949218.6	100.0	0.0	0	13-12-23 15:04:02.141743
-1108813.0	100.0	0.0	0	13-12-23 15:04:02.166719
-1268383.0	100.0	0.0	0	13-12-23 15:04:02.188539
-1396034.0	100.0	0.0	0	13-12-23 15:04:02.210340
-1555586.0	100.0	0.0	0	13-12-23 15:04:02.237115
-1432229.0	100.0	0.0	0	13-12-23 15:04:02.263640
-1272620.0	100.0	0.0	0	13-12-23 15:04:02.286079
-1144940.0	100.0	0.0	0	13-12-23 15:04:02.308360
-985370.5	100.0	0.0	0	13-12-23 15:04:02.337755
-825773.8	100.0	0.0	0	13-12-23 15:04:02.360309
-666181.5	100.0	0.0	0	13-12-23 15:04:02.385292
-506614.5	100.0	0.0	0	13-12-23 15:04:02.407390
-378943.0	100.0	0.0	0	13-12-23 15:04:02.429185
-219302.1	100.0	0.0	0	13-12-23 15:04:02.453376
-59693.42	100.0	0.0	0	13-12-23 15:04:02.481472
99920.31	100.0	0.0	0	13-12-23 15:04:02.502975
227605.4	100.0	0.0	0	13-12-23 15:04:02.530485
419139.1	100.0	0.0	0	13-12-23 15:04:02.553997
546833.3	100.0	0.0	0	13-12-23 15:04:02.576291
706460.5	100.0	0.0	0	13-12-23 15:04:02.599417
834153.3	100.0	0.0	0	13-12-23 15:04:02.621331
993745.3	100.0	0.0	0	13-12-23 15:04:02.643223
1121408.0	100.0	0.0	0	13-12-23 15:04:02.668855
1280967.0	100.0	0.0	0	13-12-23 15:04:02.690867
1440540.0	100.0	0.0	0	13-12-23 15:04:02.717158
1570518.0	100.0	0.0	0	13-12-23 15:04:02.739403
1445046.0	100.0	0.0	0	13-12-23 15:04:02.761292
1285433.0	100.0	0.0	0	13-12-23 15:04:02.786989
1125838.0	100.0	0.0	0	13-12-23 15:04:02.814399
966169.2	100.0	0.0	0	13-12-23 15:04:02.836472
838437.8	100.0	0.0	0	13-12-23 15:04:02.865069
646837.8	100.0	0.0	0	13-12-23 15:04:02.887434
519130.4	100.0	0.0	0	13-12-23 15:04:02.909628
359444.7	100.0	0.0	0	13-12-23 15:04:02.933040
231711.5	100.0	0.0	0	13-12-23 15:04:02.954986
72058.67	100.0	0.0	0	13-12-23 15:04:02.976467
-87610.94	100.0	0.0	0	13-12-23 15:04:03.002493
-215327.1	100.0	0.0	0	13-12-23 15:04:03.024484
-374933.9	100.0	0.0	0	13-12-23 15:04:03.049790
-502643.3	100.0	0.0	0	13-12-23 15:04:03.071866
-662289.3	100.0	0.0	0	13-12-23 15:04:03.094439
-821942.5	100.0	0.0	0	13-12-23 15:04:03.126879
-1013508.0	100.0	0.0	0	13-12-23 15:04:03.148701
-1141173.0	100.0	0.0	0	13-12-23 15:04:03.170065
-1300768.0	100.0	0.0	0	13-12-23 15:04:03.196947
-1460373.0	100.0	0.0	0	13-12-23 15:04:03.221229
-1558582.0	100.0	0.0	0	13-12-23 15:04:03.243445
-1401308.0	100.0	0.0	0	13-12-23 15:04:03.266068
-1273611.0	100.0	0.0	0	13-12-23 15:04:03.287942
-1145946.0	100.0	0.0	0	13-12-23 15:04:03.309947
-986331.0	100.0	0.0	0	13-12-23 15:04:03.336798
-826677.4	100.0	0.0	0	13-12-23 15:04:03.358986
-667007.8	100.0	0.0	0	13-12-23 15:04:03.382873
-539275.9	100.0	0.0	0	13-12-23 15:04:03.405195
-379617.7	100.0	0.0	0	13-12-23 15:04:03.427086
-251892.1	100.0	0.0	0	13-12-23 15:04:03.453867
-92280.09	100.0	0.0	0	13-12-23 15:04:03.476110
67346.12	100.0	0.0	0	13-12-23 15:04:03.500282
195045.6	100.0	0.0	0	13-12-23 15:04:03.522414
354657.9	100.0	0.0	0	13-12-23 15:04:03.544321
514249.7	100.0	0.0	0	13-12-23 15:04:03.569610
673858.6	100.0	0.0	0	13-12-23 15:04:03.597173
833503.2	100.0	0.0	0	13-12-23 15:04:03.619034
961237.8	100.0	0.0	0	13-12-23 15:04:03.645908
1120879.0	100.0	0.0	0	13-12-23 15:04:03.669651
1280489.0	100.0	0.0	0	13-12-23 15:04:03.691757
1440102.0	100.0	0.0	0	13-12-23 15:04:03.716815
1570387.0	100.0	0.0	0	13-12-23 15:04:03.738830
1445125.0	100.0	0.0	0	13-12-23 15:04:03.760663
1285494.0	100.0	0.0	0	13-12-23 15:04:03.785684
1157777.0	100.0	0.0	0	13-12-23 15:04:03.807667
998105.9	100.0	0.0	0	13-12-23 15:04:03.833042
838426.2	100.0	0.0	0	13-12-23 15:04:03.855157
710717.9	100.0	0.0	0	13-12-23 15:04:03.877006
583035.5	100.0	0.0	0	13-12-23 15:04:03.903653
423401.0	100.0	0.0	0	13-12-23 15:04:03.925742
263746.2	100.0	0.0	0	13-12-23 15:04:03.949616
136024.5	100.0	0.0	0	13-12-23 15:04:03.971771
-23625.22	100.0	0.0	0	13-12-23 15:04:03.993576
-183272.7	100.0	0.0	0	13-12-23 15:04:04.019077
-310980.7	100.0	0.0	0	13-12-23 15:04:04.046824
-502536.7	100.0	0.0	0	13-12-23 15:04:04.068781
-630212.0	100.0	0.0	0	13-12-23 15:04:04.090867
-789821.8	100.0	0.0	0	13-12-23 15:04:04.113007
-917535.7	100.0	0.0	0	13-12-23 15:04:04.139041
-1077189.0	100.0	0.0	0	13-12-23 15:04:04.161096
-1204915.0	100.0	0.0	0	13-12-23 15:04:04.183013
-1364541.0	100.0	0.0	0	13-12-23 15:04:04.205029
-1492236.0	100.0	0.0	0	13-12-23 15:04:04.226833
-1494808.0	100.0	0.0	0	13-12-23 15:04:04.252439
-1367126.0	100.0	0.0	0	13-12-23 15:04:04.274173
-1207516.0	100.0	0.0	0	13-12-23 15:04:04.295983
-1079819.0	100.0	0.0	0	13-12-23 15:04:04.320214
-920144.7	100.0	0.0	0	13-12-23 15:04:04.343257
-760486.5	100.0	0.0	0	13-12-23 15:04:04.369016
-600877.4	100.0	0.0	0	13-12-23 15:04:04.396125
-441279.1	100.0	0.0	0	13-12-23 15:04:04.417700
-313542.7	100.0	0.0	0	13-12-23 15:04:04.439808
-153895.2	100.0	0.0	0	13-12-23 15:04:04.461941
-26165.28	100.0	0.0	0	13-12-23 15:04:04.485364
133479.1	100.0	0.0	0	13-12-23 15:04:04.507276
293128.5	100.0	0.0	0	13-12-23 15:04:04.532716
420834.4	100.0	0.0	0	13-12-23 15:04:04.555209
580487.0	100.0	0.0	0	13-12-23 15:04:04.576921
708191.3	100.0	0.0	0	13-12-23 15:04:04.600120
835901.1	100.0	0.0	0	13-12-23 15:04:04.621994
995545.1	100.0	0.0	0	13-12-23 15:04:04.648914
1155197.0	100.0	0.0	0	13-12-23 15:04:04.671107
1314854.0	100.0	0.0	0	13-12-23 15:04:04.692796
1442555.0	100.0	0.0	0	13-12-23 15:04:04.719980
1573084.0	100.0	0.0	0	13-12-23 15:04:04.741844
1413452.0	100.0	0.0	0	13-12-23 15:04:04.766255
1285752.0	100.0	0.0	0	13-12-23 15:04:04.788275
1126083.0	100.0	0.0	0	13-12-23 15:04:04.810245
966425.0	100.0	0.0	0	13-12-23 15:04:04.835354
838705.5	100.0	0.0	0	13-12-23 15:04:04.857315
679064.7	100.0	0.0	0	13-12-23 15:04:04.883074
519453.0	100.0	0.0	0	13-12-23 15:04:04.905163
391763.1	100.0	0.0	0	13-12-23 15:04:04.927149
264026.4	100.0	0.0	0	13-12-23 15:04:04.952813
104392.2	100.0	0.0	0	13-12-23 15:04:04.975163
-55292.19	100.0	0.0	0	13-12-23 15:04:05.000703
-214935.0	100.0	0.0	0	13-12-23 15:04:05.022291
-342629.6	100.0	0.0	0	13-12-23 15:04:05.044312
-502268.3	100.0	0.0	0	13-12-23 15:04:05.068930
-629995.5	100.0	0.0	0	13-12-23 15:04:05.090545
-757752.1	100.0	0.0	0	13-12-23 15:04:05.112362
-917379.3	100.0	0.0	0	13-12-23 15:04:05.135584
-1077019.0	100.0	0.0	0	13-12-23 15:04:05.157629
-1204690.0	100.0	0.0	0	13-12-23 15:04:05.182976
-1364285.0	100.0	0.0	0	13-12-23 15:04:05.205437
-1491988.0	100.0	0.0	0	13-12-23 15:04:05.226831
-1529635.0	100.0	0.0	0	13-12-23 15:04:05.253303
-1338003.0	100.0	0.0	0	13-12-23 15:04:05.275712
-1178334.0	100.0	0.0	0	13-12-23 15:04:05.300465
-1050554.0	100.0	0.0	0	13-12-23 15:04:05.322233
-922801.6	100.0	0.0	0	13-12-23 15:04:05.344209
-763148.4	100.0	0.0	0	13-12-23 15:04:05.369492
-603492.0	100.0	0.0	0	13-12-23 15:04:05.391828
-443881.1	100.0	0.0	0	13-12-23 15:04:05.416728
-316182.5	100.0	0.0	0	13-12-23 15:04:05.438716
-188464.5	100.0	0.0	0	13-12-23 15:04:05.460817
-28807.33	100.0	0.0	0	13-12-23 15:04:05.486735
130894.0	100.0	0.0	0	13-12-23 15:04:05.508932
290573.7	100.0	0.0	0	13-12-23 15:04:05.532831
418300.5	100.0	0.0	0	13-12-23 15:04:05.554945
546022.9	100.0	0.0	0	13-12-23 15:04:05.576574
705718.7	100.0	0.0	0	13-12-23 15:04:05.603081
865400.3	100.0	0.0	0	13-12-23 15:04:05.625305
1025040.0	100.0	0.0	0	13-12-23 15:04:05.649963
1152777.0	100.0	0.0	0	13-12-23 15:04:05.672089
1312399.0	100.0	0.0	0	13-12-23 15:04:05.693492
1472041.0	100.0	0.0	0	13-12-23 15:04:05.719539
1541840.0	100.0	0.0	0	13-12-23 15:04:05.747834
1382139.0	100.0	0.0	0	13-12-23 15:04:05.769388
1254433.0	100.0	0.0	0	13-12-23 15:04:05.797359
1094813.0	100.0	0.0	0	13-12-23 15:04:05.820273
935152.3	100.0	0.0	0	13-12-23 15:04:05.842416
775501.4	100.0	0.0	0	13-12-23 15:04:05.866944
647759.3	100.0	0.0	0	13-12-23 15:04:05.888829
488088.8	100.0	0.0	0	13-12-23 15:04:05.911037
328450.5	100.0	0.0	0	13-12-23 15:04:05.936266
168767.0	100.0	0.0	0	13-12-23 15:04:05.963990
9076.65	100.0	0.0	0	13-12-23 15:04:05.985652
-118669.0	100.0	0.0	0	13-12-23 15:04:06.007576
-246430.8	100.0	0.0	0	13-12-23 15:04:06.030900
-406085.6	100.0	0.0	0	13-12-23 15:04:06.053278
-565758.4	100.0	0.0	0	13-12-23 15:04:06.081458
-725458.5	100.0	0.0	0	13-12-23 15:04:06.103279
-885175.7	100.0	0.0	0	13-12-23 15:04:06.131144
-1044883.0	100.0	0.0	0	13-12-23 15:04:06.153976
-1172653.0	100.0	0.0	0	13-12-23 15:04:06.175809
-1332352.0	100.0	0.0	0	13-12-23 15:04:06.200980
-1460139.0	100.0	0.0	0	13-12-23 15:04:06.222940
-1530220.0	100.0	0.0	0	13-12-23 15:04:06.244874
-1370514.0	100.0	0.0	0	13-12-23 15:04:06.269589
-1210870.0	100.0	0.0	0	13-12-23 15:04:06.298442
-1051224.0	100.0	0.0	0	13-12-23 15:04:06.320327
-891535.0	100.0	0.0	0	13-12-23 15:04:06.348976
-731852.2	100.0	0.0	0	13-12-23 15:04:06.370988
-604098.2	100.0	0.0	0	13-12-23 15:04:06.392981
-476333.5	100.0	0.0	0	13-12-23 15:04:06.419786
-284707.6	100.0	0.0	0	13-12-23 15:04:06.442065
-124950.1	100.0	0.0	0	13-12-23 15:04:06.467215
2847.4	100.0	0.0	0	13-12-23 15:04:06.489105
130614.6	100.0	0.0	0	13-12-23 15:04:06.511418
322276.1	100.0	0.0	0	13-12-23 15:04:06.538145
450010.3	100.0	0.0	0	13-12-23 15:04:06.560211
609697.8	100.0	0.0	0	13-12-23 15:04:06.583014
737435.6	100.0	0.0	0	13-12-23 15:04:06.604976
865195.1	100.0	0.0	0	13-12-23 15:04:06.627086
1024911.0	100.0	0.0	0	13-12-23 15:04:06.653542
1184644.0	100.0	0.0	0	13-12-23 15:04:06.713197
1571199.0	100.0	0.0	0	13-12-23 15:04:06.739432
1446579.0	100.0	0.0	0	13-12-23 15:04:06.762146
1286898.0	100.0	0.0	0	13-12-23 15:04:06.785480
1159161.0	100.0	0.0	0	13-12-23 15:04:06.808053
999469.4	100.0	0.0	0	13-12-23 15:04:06.835164
839768.8	100.0	0.0	0	13-12-23 15:04:06.857215
680088.9	100.0	0.0	0	13-12-23 15:04:06.884489
520397.1	100.0	0.0	0	13-12-23 15:04:06.906259
360716.0	100.0	0.0	0	13-12-23 15:04:06.932739
232991.0	100.0	0.0	0	13-12-23 15:04:06.954267
73270.06	100.0	0.0	0	13-12-23 15:04:06.976216
-54500.67	100.0	0.0	0	13-12-23 15:04:06.999539
-182264.4	100.0	0.0	0	13-12-23 15:04:07.021139
-341923.9	100.0	0.0	0	13-12-23 15:04:07.043095
-469644.5	100.0	0.0	0	13-12-23 15:04:07.070290
-693169.7	100.0	0.0	0	13-12-23 15:04:07.097296
-820861.8	100.0	0.0	0	13-12-23 15:04:07.119448
-948572.0	100.0	0.0	0	13-12-23 15:04:07.147248
-1140158.0	100.0	0.0	0	13-12-23 15:04:07.169144
-1267851.0	100.0	0.0	0	13-12-23 15:04:07.191345
-1427503.0	100.0	0.0	0	13-12-23 15:04:07.216346
-1555197.0	100.0	0.0	0	13-12-23 15:04:07.238540
-1434068.0	100.0	0.0	0	13-12-23 15:04:07.260479
-1306332.0	100.0	0.0	0	13-12-23 15:04:07.286239
-1146675.0	100.0	0.0	0	13-12-23 15:04:07.308333
-987005.6	100.0	0.0	0	13-12-23 15:04:07.333853
-827324.2	100.0	0.0	0	13-12-23 15:04:07.356036
-699579.4	100.0	0.0	0	13-12-23 15:04:07.378258
-539907.2	100.0	0.0	0	13-12-23 15:04:07.403070
-380238.2	100.0	0.0	0	13-12-23 15:04:07.430598
-220612.8	100.0	0.0	0	13-12-23 15:04:07.452429
-92883.69	100.0	0.0	0	13-12-23 15:04:07.474514
34842.83	100.0	0.0	0	13-12-23 15:04:07.502378
226458.8	100.0	0.0	0	13-12-23 15:04:07.524666
386085.2	100.0	0.0	0	13-12-23 15:04:07.550574
545745.4	100.0	0.0	0	13-12-23 15:04:07.572374
673499.1	100.0	0.0	0	13-12-23 15:04:07.594226
833125.8	100.0	0.0	0	13-12-23 15:04:07.619963
1024701.0	100.0	0.0	0	13-12-23 15:04:07.647852
1152418.0	100.0	0.0	0	13-12-23 15:04:07.669825
1343965.0	100.0	0.0	0	13-12-23 15:04:07.697238
1471682.0	100.0	0.0	0	13-12-23 15:04:07.720330
1570948.0	100.0	0.0	0	13-12-23 15:04:07.742011
1414640.0	100.0	0.0	0	13-12-23 15:04:07.767031
1254967.0	100.0	0.0	0	13-12-23 15:04:07.789126
1127252.0	100.0	0.0	0	13-12-23 15:04:07.811121
967592.6	100.0	0.0	0	13-12-23 15:04:07.836184
807916.0	100.0	0.0	0	13-12-23 15:04:07.864177
648286.8	100.0	0.0	0	13-12-23 15:04:07.886255
488660.3	100.0	0.0	0	13-12-23 15:04:07.914119
329025.7	100.0	0.0	0	13-12-23 15:04:07.937492
201340.0	100.0	0.0	0	13-12-23 15:04:07.959674
41734.93	100.0	0.0	0	13-12-23 15:04:07.983123
-85936.39	100.0	0.0	0	13-12-23 15:04:08.005282
-245543.2	100.0	0.0	0	13-12-23 15:04:08.027412
-405133.2	100.0	0.0	0	13-12-23 15:04:08.053294
-564787.2	100.0	0.0	0	13-12-23 15:04:08.081066
-724427.8	100.0	0.0	0	13-12-23 15:04:08.103106
-884036.8	100.0	0.0	0	13-12-23 15:04:08.131178
-1043673.0	100.0	0.0	0	13-12-23 15:04:08.153739
-1171393.0	100.0	0.0	0	13-12-23 15:04:08.175834
-1331053.0	100.0	0.0	0	13-12-23 15:04:08.200426
-1490700.0	100.0	0.0	0	13-12-23 15:04:08.222541
-1529719.0	100.0	0.0	0	13-12-23 15:04:08.245231
-1370064.0	100.0	0.0	0	13-12-23 15:04:08.269869
-1210423.0	100.0	0.0	0	13-12-23 15:04:08.297568
-1050794.0	100.0	0.0	0	13-12-23 15:04:08.319707
-891144.0	100.0	0.0	0	13-12-23 15:04:08.348081
-731503.6	100.0	0.0	0	13-12-23 15:04:08.370574
-603823.9	100.0	0.0	0	13-12-23 15:04:08.392225
-476137.0	100.0	0.0	0	13-12-23 15:04:08.420440
-284598.7	100.0	0.0	0	13-12-23 15:04:08.442220
-125008.6	100.0	0.0	0	13-12-23 15:04:08.467208
2670.12	100.0	0.0	0	13-12-23 15:04:08.488893
162273.7	100.0	0.0	0	13-12-23 15:04:08.511499
321874.3	100.0	0.0	0	13-12-23 15:04:08.536754
481466.0	100.0	0.0	0	13-12-23 15:04:08.563911
609138.7	100.0	0.0	0	13-12-23 15:04:08.585633
768717.9	100.0	0.0	0	13-12-23 15:04:08.607594
896384.1	100.0	0.0	0	13-12-23 15:04:08.636154
1087908.0	100.0	0.0	0	13-12-23 15:04:08.658543
1247515.0	100.0	0.0	0	13-12-23 15:04:08.683266
1375217.0	100.0	0.0	0	13-12-23 15:04:08.705511
1534853.0	100.0	0.0	0	13-12-23 15:04:08.727289
1478316.0	100.0	0.0	0	13-12-23 15:04:08.752646
1318666.0	100.0	0.0	0	13-12-23 15:04:08.780892
1159033.0	100.0	0.0	0	13-12-23 15:04:08.803074
999361.7	100.0	0.0	0	13-12-23 15:04:08.831045
839697.3	100.0	0.0	0	13-12-23 15:04:08.853639
711955.9	100.0	0.0	0	13-12-23 15:04:08.875960
552316.4	100.0	0.0	0	13-12-23 15:04:08.899818
424581.9	100.0	0.0	0	13-12-23 15:04:08.921933
264960.9	100.0	0.0	0	13-12-23 15:04:08.943500
137255.6	100.0	0.0	0	13-12-23 15:04:08.969062
-22363.47	100.0	0.0	0	13-12-23 15:04:08.991387
-182002.1	100.0	0.0	0	13-12-23 15:04:09.017119
-341627.8	100.0	0.0	0	13-12-23 15:04:09.038955
-469316.0	100.0	0.0	0	13-12-23 15:04:09.060833
-628956.2	100.0	0.0	0	13-12-23 15:04:09.086106
-788554.2	100.0	0.0	0	13-12-23 15:04:09.113793
-948141.1	100.0	0.0	0	13-12-23 15:04:09.135834
-1075843.0	100.0	0.0	0	13-12-23 15:04:09.163013
-1267388.0	100.0	0.0	0	13-12-23 15:04:09.185609
-1395088.0	100.0	0.0	0	13-12-23 15:04:09.207524
-1554756.0	100.0	0.0	0	13-12-23 15:04:09.232744
-1434579.0	100.0	0.0	0	13-12-23 15:04:09.255317
-1306845.0	100.0	0.0	0	13-12-23 15:04:09.277228
-1147183.0	100.0	0.0	0	13-12-23 15:04:09.304168
-987510.4	100.0	0.0	0	13-12-23 15:04:09.329768
-827822.4	100.0	0.0	0	13-12-23 15:04:09.351474
-700074.8	100.0	0.0	0	13-12-23 15:04:09.373455
-572343.4	100.0	0.0	0	13-12-23 15:04:09.395268
-412668.1	100.0	0.0	0	13-12-23 15:04:09.420123
-221086.7	100.0	0.0	0	13-12-23 15:04:09.448502
-93338.74	100.0	0.0	0	13-12-23 15:04:09.470428
98215.78	100.0	0.0	0	13-12-23 15:04:09.497149
225922.2	100.0	0.0	0	13-12-23 15:04:09.520653
385547.6	100.0	0.0	0	13-12-23 15:04:09.542749
545195.7	100.0	0.0	0	13-12-23 15:04:09.567504
672920.4	100.0	0.0	0	13-12-23 15:04:09.589989
800611.7	100.0	0.0	0	13-12-23 15:04:09.611934
960211.1	100.0	0.0	0	13-12-23 15:04:09.637708
1119870.0	100.0	0.0	0	13-12-23 15:04:09.663791
1279520.0	100.0	0.0	0	13-12-23 15:04:09.685712
1407244.0	100.0	0.0	0	13-12-23 15:04:09.713689
1570871.0	100.0	0.0	0	13-12-23 15:04:09.737568
1446980.0	100.0	0.0	0	13-12-23 15:04:09.759612
1287384.0	100.0	0.0	0	13-12-23 15:04:09.783502
1159668.0	100.0	0.0	0	13-12-23 15:04:09.805422
1000022.0	100.0	0.0	0	13-12-23 15:04:09.827492
840358.1	100.0	0.0	0	13-12-23 15:04:09.854315
680701.9	100.0	0.0	0	13-12-23 15:04:09.881182
521026.9	100.0	0.0	0	13-12-23 15:04:09.903062
361360.1	100.0	0.0	0	13-12-23 15:04:09.931868
201712.3	100.0	0.0	0	13-12-23 15:04:09.953940
73953.83	100.0	0.0	0	13-12-23 15:04:09.975967
-85721.62	100.0	0.0	0	13-12-23 15:04:09.999758
-213454.1	100.0	0.0	0	13-12-23 15:04:10.022011
-373086.9	100.0	0.0	0	13-12-23 15:04:10.081708
-756230.6	100.0	0.0	0	13-12-23 15:04:10.103574
-883899.4	100.0	0.0	0	13-12-23 15:04:10.129671
-1043553.0	100.0	0.0	0	13-12-23 15:04:10.151701
-1203234.0	100.0	0.0	0	13-12-23 15:04:10.174942
-1330957.0	100.0	0.0	0	13-12-23 15:04:10.197516
-1490589.0	100.0	0.0	0	13-12-23 15:04:10.219238
-1530523.0	100.0	0.0	0	13-12-23 15:04:10.246448
-1338955.0	100.0	0.0	0	13-12-23 15:04:10.269407
-1211251.0	100.0	0.0	0	13-12-23 15:04:10.291503
-1051573.0	100.0	0.0	0	13-12-23 15:04:10.317112
-891907.0	100.0	0.0	0	13-12-23 15:04:10.339139
-764166.4	100.0	0.0	0	13-12-23 15:04:10.361100
-604470.4	100.0	0.0	0	13-12-23 15:04:10.386821
-444807.0	100.0	0.0	0	13-12-23 15:04:10.414368
-285129.5	100.0	0.0	0	13-12-23 15:04:10.436461
-125474.4	100.0	0.0	0	13-12-23 15:04:10.464143
34207.3	100.0	0.0	0	13-12-23 15:04:10.486410
161951.7	100.0	0.0	0	13-12-23 15:04:10.508655
289691.6	100.0	0.0	0	13-12-23 15:04:10.536128
481282.1	100.0	0.0	0	13-12-23 15:04:10.558306
640936.9	100.0	0.0	0	13-12-23 15:04:10.583065
768648.2	100.0	0.0	0	13-12-23 15:04:10.605044
928250.5	100.0	0.0	0	13-12-23 15:04:10.626872
1087891.0	100.0	0.0	0	13-12-23 15:04:10.652692
1247570.0	100.0	0.0	0	13-12-23 15:04:10.680652
1407231.0	100.0	0.0	0	13-12-23 15:04:10.702620
1566860.0	100.0	0.0	0	13-12-23 15:04:10.730413
1479320.0	100.0	0.0	0	13-12-23 15:04:10.752672
1319679.0	100.0	0.0	0	13-12-23 15:04:10.774780
1160004.0	100.0	0.0	0	13-12-23 15:04:10.799690
1032278.0	100.0	0.0	0	13-12-23 15:04:10.821790
872626.4	100.0	0.0	0	13-12-23 15:04:10.843721
712929.2	100.0	0.0	0	13-12-23 15:04:10.870063
553270.8	100.0	0.0	0	13-12-23 15:04:10.897529
393658.7	100.0	0.0	0	13-12-23 15:04:10.919222
265942.3	100.0	0.0	0	13-12-23 15:04:10.947511
74372.06	100.0	0.0	0	13-12-23 15:04:10.970313
-53357.89	100.0	0.0	0	13-12-23 15:04:10.992495
-181058.5	100.0	0.0	0	13-12-23 15:04:11.020740
-372631.0	100.0	0.0	0	13-12-23 15:04:11.043037
-532315.4	100.0	0.0	0	13-12-23 15:04:11.070156
-691967.9	100.0	0.0	0	13-12-23 15:04:11.092530
-851611.2	100.0	0.0	0	13-12-23 15:04:11.116491
-979295.2	100.0	0.0	0	13-12-23 15:04:11.138549
-1138910.0	100.0	0.0	0	13-12-23 15:04:11.160703
-1266604.0	100.0	0.0	0	13-12-23 15:04:11.186493
-1426252.0	100.0	0.0	0	13-12-23 15:04:11.208823
-1585866.0	100.0	0.0	0	13-12-23 15:04:11.232937
-1462325.0	100.0	0.0	0	13-12-23 15:04:11.255133
-1302701.0	100.0	0.0	0	13-12-23 15:04:11.276996
-1143059.0	100.0	0.0	0	13-12-23 15:04:11.302920
-983415.6	100.0	0.0	0	13-12-23 15:04:11.330621
-823748.8	100.0	0.0	0	13-12-23 15:04:11.353045
-664090.3	100.0	0.0	0	13-12-23 15:04:11.381827
-504451.4	100.0	0.0	0	13-12-23 15:04:11.403925
-376774.6	100.0	0.0	0	13-12-23 15:04:11.425748
-217154.8	100.0	0.0	0	13-12-23 15:04:11.450397
-89425.37	100.0	0.0	0	13-12-23 15:04:11.472164
70228.37	100.0	0.0	0	13-12-23 15:04:11.494290
229841.4	100.0	0.0	0	13-12-23 15:04:11.520574
389441.5	100.0	0.0	0	13-12-23 15:04:11.548147
549102.8	100.0	0.0	0	13-12-23 15:04:11.570153
708749.4	100.0	0.0	0	13-12-23 15:04:11.597881
868407.3	100.0	0.0	0	13-12-23 15:04:11.620357
996084.6	100.0	0.0	0	13-12-23 15:04:11.642205
1155728.0	100.0	0.0	0	13-12-23 15:04:11.666977
1315327.0	100.0	0.0	0	13-12-23 15:04:11.688875
1443016.0	100.0	0.0	0	13-12-23 15:04:11.710638
1602607.0	100.0	0.0	0	13-12-23 15:04:11.737397
1447403.0	100.0	0.0	0	13-12-23 15:04:11.764506
1287814.0	100.0	0.0	0	13-12-23 15:04:11.787049
1160137.0	100.0	0.0	0	13-12-23 15:04:11.809187
1000495.0	100.0	0.0	0	13-12-23 15:04:11.836121
808968.6	100.0	0.0	0	13-12-23 15:04:11.864458
681271.4	100.0	0.0	0	13-12-23 15:04:11.886281
489734.3	100.0	0.0	0	13-12-23 15:04:11.914251
362081.2	100.0	0.0	0	13-12-23 15:04:11.937582
202487.8	100.0	0.0	0	13-12-23 15:04:11.959541
42837.95	100.0	0.0	0	13-12-23 15:04:11.984302
-84851.83	100.0	0.0	0	13-12-23 15:04:12.006146
-244447.1	100.0	0.0	0	13-12-23 15:04:12.028266
-404008.3	100.0	0.0	0	13-12-23 15:04:12.053984
-563590.7	100.0	0.0	0	13-12-23 15:04:12.081167
-723210.7	100.0	0.0	0	13-12-23 15:04:12.103031
-882825.2	100.0	0.0	0	13-12-23 15:04:12.132252
-1042453.0	100.0	0.0	0	13-12-23 15:04:12.154622
-1170130.0	100.0	0.0	0	13-12-23 15:04:12.176622
-1329697.0	100.0	0.0	0	13-12-23 15:04:12.203778
-1489280.0	100.0	0.0	0	13-12-23 15:04:12.225732
-1498198.0	100.0	0.0	0	13-12-23 15:04:12.251043
-1370522.0	100.0	0.0	0	13-12-23 15:04:12.273140
-1210923.0	100.0	0.0	0	13-12-23 15:04:12.294675
-1051316.0	100.0	0.0	0	13-12-23 15:04:12.321942
-891731.1	100.0	0.0	0	13-12-23 15:04:12.347766
-764051.0	100.0	0.0	0	13-12-23 15:04:12.369701
-572518.8	100.0	0.0	0	13-12-23 15:04:12.398375
-444840.9	100.0	0.0	0	13-12-23 15:04:12.421111
-285288.4	100.0	0.0	0	13-12-23 15:04:12.443193
-125692.8	100.0	0.0	0	13-12-23 15:04:12.466728
2007.45	100.0	0.0	0	13-12-23 15:04:12.488866
161631.0	100.0	0.0	0	13-12-23 15:04:12.510789
321270.1	100.0	0.0	0	13-12-23 15:04:12.538214
480853.7	100.0	0.0	0	13-12-23 15:04:12.563645
608520.3	100.0	0.0	0	13-12-23 15:04:12.585860
768137.2	100.0	0.0	0	13-12-23 15:04:12.612740
927740.9	100.0	0.0	0	13-12-23 15:04:12.636642
1087375.0	100.0	0.0	0	13-12-23 15:04:12.658934
1246949.0	100.0	0.0	0	13-12-23 15:04:12.684118
1374594.0	100.0	0.0	0	13-12-23 15:04:12.706038
1534162.0	100.0	0.0	0	13-12-23 15:04:12.728003
1479437.0	100.0	0.0	0	13-12-23 15:04:12.753421
1319803.0	100.0	0.0	0	13-12-23 15:04:12.780758
1160150.0	100.0	0.0	0	13-12-23 15:04:12.802496
1032461.0	100.0	0.0	0	13-12-23 15:04:12.829653
872879.5	100.0	0.0	0	13-12-23 15:04:12.853406
713314.8	100.0	0.0	0	13-12-23 15:04:12.875458
553730.1	100.0	0.0	0	13-12-23 15:04:12.899895
426041.4	100.0	0.0	0	13-12-23 15:04:12.921929
266424.0	100.0	0.0	0	13-12-23 15:04:12.944096
106797.4	100.0	0.0	0	13-12-23 15:04:12.970378
-52831.55	100.0	0.0	0	13-12-23 15:04:12.998352
-212474.9	100.0	0.0	0	13-12-23 15:04:13.020289
-372128.2	100.0	0.0	0	13-12-23 15:04:13.047700
-531732.0	100.0	0.0	0	13-12-23 15:04:13.070497
-659373.2	100.0	0.0	0	13-12-23 15:04:13.092543
-787043.7	100.0	0.0	0	13-12-23 15:04:13.120674
-978547.4	100.0	0.0	0	13-12-23 15:04:13.142790
-1138194.0	100.0	0.0	0	13-12-23 15:04:13.167085
-1265897.0	100.0	0.0	0	13-12-23 15:04:13.189143
-1425483.0	100.0	0.0	0	13-12-23 15:04:13.211031
-1553165.0	100.0	0.0	0	13-12-23 15:04:13.233771
-1466772.0	100.0	0.0	0	13-12-23 15:04:13.255717
-1307122.0	100.0	0.0	0	13-12-23 15:04:13.282540
-1147464.0	100.0	0.0	0	13-12-23 15:04:13.305427
-1019752.0	100.0	0.0	0	13-12-23 15:04:13.332685
-828242.1	100.0	0.0	0	13-12-23 15:04:13.355302
-668661.4	100.0	0.0	0	13-12-23 15:04:13.382732
-509055.9	100.0	0.0	0	13-12-23 15:04:13.405201
-381343.0	100.0	0.0	0	13-12-23 15:04:13.432347
-221705.1	100.0	0.0	0	13-12-23 15:04:13.454257
-62072.63	100.0	0.0	0	13-12-23 15:04:13.476071
65616.11	100.0	0.0	0	13-12-23 15:04:13.504316
257145.0	100.0	0.0	0	13-12-23 15:04:13.526138
384818.2	100.0	0.0	0	13-12-23 15:04:13.549851
544411.0	100.0	0.0	0	13-12-23 15:04:13.571410
672033.0	100.0	0.0	0	13-12-23 15:04:13.593031
799696.0	100.0	0.0	0	13-12-23 15:04:13.617531
991193.3	100.0	0.0	0	13-12-23 15:04:13.642683
1118865.0	100.0	0.0	0	13-12-23 15:04:13.665040
1278468.0	100.0	0.0	0	13-12-23 15:04:13.686386
1438089.0	100.0	0.0	0	13-12-23 15:04:13.714594
1570654.0	100.0	0.0	0	13-12-23 15:04:13.737407
1447742.0	100.0	0.0	0	13-12-23 15:04:13.759468
1288124.0	100.0	0.0	0	13-12-23 15:04:13.782962
1160424.0	100.0	0.0	0	13-12-23 15:04:13.806175
1000790.0	100.0	0.0	0	13-12-23 15:04:13.828277
841181.4	100.0	0.0	0	13-12-23 15:04:13.854411
681563.2	100.0	0.0	0	13-12-23 15:04:13.881748
521894.3	100.0	0.0	0	13-12-23 15:04:13.903163
362231.2	100.0	0.0	0	13-12-23 15:04:13.931566
234516.2	100.0	0.0	0	13-12-23 15:04:13.953235
74908.39	100.0	0.0	0	13-12-23 15:04:13.975781
-84696.26	100.0	0.0	0	13-12-23 15:04:14.000199
-212364.5	100.0	0.0	0	13-12-23 15:04:14.022133
-371916.6	100.0	0.0	0	13-12-23 15:04:14.044185
-531472.7	100.0	0.0	0	13-12-23 15:04:14.070563
-691040.8	100.0	0.0	0	13-12-23 15:04:14.097861
-850618.5	100.0	0.0	0	13-12-23 15:04:14.119883
-1010194.0	100.0	0.0	0	13-12-23 15:04:14.147874
-1169744.0	100.0	0.0	0	13-12-23 15:04:14.171062
-1297404.0	100.0	0.0	0	13-12-23 15:04:14.193269
-1457000.0	100.0	0.0	0	13-12-23 15:04:14.217145
-1557730.0	100.0	0.0	0	13-12-23 15:04:14.239529
-1403004.0	100.0	0.0	0	13-12-23 15:04:14.261535
-1243391.0	100.0	0.0	0	13-12-23 15:04:14.288351
-1051854.0	100.0	0.0	0	13-12-23 15:04:14.315458
-924147.0	100.0	0.0	0	13-12-23 15:04:14.336768
-764509.1	100.0	0.0	0	13-12-23 15:04:14.365571
-604876.9	100.0	0.0	0	13-12-23 15:04:14.387299
-477133.4	100.0	0.0	0	13-12-23 15:04:14.409116
-349401.4	100.0	0.0	0	13-12-23 15:04:14.436844
-157828.7	100.0	0.0	0	13-12-23 15:04:14.459219
1817.51	100.0	0.0	0	13-12-23 15:04:14.485799
193370.0	100.0	0.0	0	13-12-23 15:04:14.514286
321063.5	100.0	0.0	0	13-12-23 15:04:14.537061
480631.4	100.0	0.0	0	13-12-23 15:04:14.559186
640249.6	100.0	0.0	0	13-12-23 15:04:14.583535
767942.6	100.0	0.0	0	13-12-23 15:04:14.605481
895630.0	100.0	0.0	0	13-12-23 15:04:14.627724
1087164.0	100.0	0.0	0	13-12-23 15:04:14.655370
1246788.0	100.0	0.0	0	13-12-23 15:04:14.681320
1374490.0	100.0	0.0	0	13-12-23 15:04:14.702791
1566042.0	100.0	0.0	0	13-12-23 15:04:14.730391
1480308.0	100.0	0.0	0	13-12-23 15:04:14.753391
1320639.0	100.0	0.0	0	13-12-23 15:04:14.775129
1160975.0	100.0	0.0	0	13-12-23 15:04:14.800520
1033243.0	100.0	0.0	0	13-12-23 15:04:14.822507
873571.9	100.0	0.0	0	13-12-23 15:04:14.844707
713936.3	100.0	0.0	0	13-12-23 15:04:14.871962
554298.0	100.0	0.0	0	13-12-23 15:04:14.897400
426588.2	100.0	0.0	0	13-12-23 15:04:14.919110
266951.7	100.0	0.0	0	13-12-23 15:04:14.945797
107321.5	100.0	0.0	0	13-12-23 15:04:14.971439
-52301.89	100.0	0.0	0	13-12-23 15:04:14.993164
-211924.6	100.0	0.0	0	13-12-23 15:04:15.017080
-339614.7	100.0	0.0	0	13-12-23 15:04:15.039198
-499244.4	100.0	0.0	0	13-12-23 15:04:15.061143
-658897.5	100.0	0.0	0	13-12-23 15:04:15.086939
-818532.7	100.0	0.0	0	13-12-23 15:04:15.115190
-978119.5	100.0	0.0	0	13-12-23 15:04:15.136934
-1137766.0	100.0	0.0	0	13-12-23 15:04:15.165602
-1297426.0	100.0	0.0	0	13-12-23 15:04:15.187224
-1425129.0	100.0	0.0	0	13-12-23 15:04:15.209092
-1584782.0	100.0	0.0	0	13-12-23 15:04:15.234377
-1430201.0	100.0	0.0	0	13-12-23 15:04:15.256225
-1302458.0	100.0	0.0	0	13-12-23 15:04:15.278082
-1142777.0	100.0	0.0	0	13-12-23 15:04:15.303665
-983109.9	100.0	0.0	0	13-12-23 15:04:15.330789
-823440.4	100.0	0.0	0	13-12-23 15:04:15.352331
-695728.8	100.0	0.0	0	13-12-23 15:04:15.381007
-504136.0	100.0	0.0	0	13-12-23 15:04:15.404080
-376430.4	100.0	0.0	0	13-12-23 15:04:15.426373
-216769.2	100.0	0.0	0	13-12-23 15:04:15.450767
-89049.04	100.0	0.0	0	13-12-23 15:04:15.472671
70579.66	100.0	0.0	0	13-12-23 15:04:15.494943
230210.0	100.0	0.0	0	13-12-23 15:04:15.521148
389838.9	100.0	0.0	0	13-12-23 15:04:15.548620
549487.3	100.0	0.0	0	13-12-23 15:04:15.570493
709114.1	100.0	0.0	0	13-12-23 15:04:15.597678
868745.0	100.0	0.0	0	13-12-23 15:04:15.620986
996400.1	100.0	0.0	0	13-12-23 15:04:15.642977
1156048.0	100.0	0.0	0	13-12-23 15:04:15.667177
1283774.0	100.0	0.0	0	13-12-23 15:04:15.689340
1443397.0	100.0	0.0	0	13-12-23 15:04:15.711113
1603057.0	100.0	0.0	0	13-12-23 15:04:15.738257
1443405.0	100.0	0.0	0	13-12-23 15:04:15.764372
1283711.0	100.0	0.0	0	13-12-23 15:04:15.785787
1155956.0	100.0	0.0	0	13-12-23 15:04:15.812841
996301.0	100.0	0.0	0	13-12-23 15:04:15.836142
836660.6	100.0	0.0	0	13-12-23 15:04:15.858493
677026.2	100.0	0.0	0	13-12-23 15:04:15.883945
517395.0	100.0	0.0	0	13-12-23 15:04:15.906116
389680.9	100.0	0.0	0	13-12-23 15:04:15.927853
38409.7	100.0	0.0	0	13-12-23 15:04:15.983130
-121236.1	100.0	0.0	0	13-12-23 15:04:16.006093
-248932.5	100.0	0.0	0	13-12-23 15:04:16.031408
-408553.0	100.0	0.0	0	13-12-23 15:04:16.053889
-568185.2	100.0	0.0	0	13-12-23 15:04:16.081203
-727820.7	100.0	0.0	0	13-12-23 15:04:16.104522
-855528.8	100.0	0.0	0	13-12-23 15:04:16.126580
-1015147.0	100.0	0.0	0	13-12-23 15:04:16.151039
-1142865.0	100.0	0.0	0	13-12-23 15:04:16.173591
-1302488.0	100.0	0.0	0	13-12-23 15:04:16.195577
-1462113.0	100.0	0.0	0	13-12-23 15:04:16.221346
-1531437.0	100.0	0.0	0	13-12-23 15:04:16.247633
-1371804.0	100.0	0.0	0	13-12-23 15:04:16.269644
-1212137.0	100.0	0.0	0	13-12-23 15:04:16.297175
-1084418.0	100.0	0.0	0	13-12-23 15:04:16.320537
-924816.6	100.0	0.0	0	13-12-23 15:04:16.342408
-765220.4	100.0	0.0	0	13-12-23 15:04:16.367467
-637572.3	100.0	0.0	0	13-12-23 15:04:16.389685
-477980.1	100.0	0.0	0	13-12-23 15:04:16.411541
-318341.9	100.0	0.0	0	13-12-23 15:04:16.437888
-158722.5	100.0	0.0	0	13-12-23 15:04:16.464168
897.18	100.0	0.0	0	13-12-23 15:04:16.485753
160486.1	100.0	0.0	0	13-12-23 15:04:16.514135
320059.7	100.0	0.0	0	13-12-23 15:04:16.537879
447723.4	100.0	0.0	0	13-12-23 15:04:16.559856
607319.2	100.0	0.0	0	13-12-23 15:04:16.584128
734999.8	100.0	0.0	0	13-12-23 15:04:16.606205
894597.4	100.0	0.0	0	13-12-23 15:04:16.628081
1054178.0	100.0	0.0	0	13-12-23 15:04:16.655028
1213763.0	100.0	0.0	0	13-12-23 15:04:16.681113
1341437.0	100.0	0.0	0	13-12-23 15:04:16.702686
1532935.0	100.0	0.0	0	13-12-23 15:04:16.731480
1480097.0	100.0	0.0	0	13-12-23 15:04:16.755057
1352416.0	100.0	0.0	0	13-12-23 15:04:16.777383
1192839.0	100.0	0.0	0	13-12-23 15:04:16.803189
1001309.0	100.0	0.0	0	13-12-23 15:04:16.831589
873640.4	100.0	0.0	0	13-12-23 15:04:16.853482
682121.6	100.0	0.0	0	13-12-23 15:04:16.881802
522519.2	100.0	0.0	0	13-12-23 15:04:16.905671
362939.2	100.0	0.0	0	13-12-23 15:04:16.933610
203361.9	100.0	0.0	0	13-12-23 15:04:16.955634
75694.04	100.0	0.0	0	13-12-23 15:04:16.982397
-115824.5	100.0	0.0	0	13-12-23 15:04:17.005280
-243479.9	100.0	0.0	0	13-12-23 15:04:17.032076
-435012.4	100.0	0.0	0	13-12-23 15:04:17.054462
-562701.6	100.0	0.0	0	13-12-23 15:04:17.076328
-722311.2	100.0	0.0	0	13-12-23 15:04:17.100509
-849978.0	100.0	0.0	0	13-12-23 15:04:17.122734
-1009549.0	100.0	0.0	0	13-12-23 15:04:17.144638
-1169146.0	100.0	0.0	0	13-12-23 15:04:17.172160
-1328749.0	100.0	0.0	0	13-12-23 15:04:17.198642
-1488351.0	100.0	0.0	0	13-12-23 15:04:17.220132
-1499598.0	100.0	0.0	0	13-12-23 15:04:17.248496
-1340008.0	100.0	0.0	0	13-12-23 15:04:17.271893
-1148519.0	100.0	0.0	0	13-12-23 15:04:17.299622
-1020803.0	100.0	0.0	0	13-12-23 15:04:17.322414
-893109.6	100.0	0.0	0	13-12-23 15:04:17.344644
-733494.4	100.0	0.0	0	13-12-23 15:04:17.369124
-605823.3	100.0	0.0	0	13-12-23 15:04:17.399145
-414343.2	100.0	0.0	0	13-12-23 15:04:17.421949
-254816.9	100.0	0.0	0	13-12-23 15:04:17.444737
-95257.38	100.0	0.0	0	13-12-23 15:04:17.469804
96256.54	100.0	0.0	0	13-12-23 15:04:17.498807
223917.1	100.0	0.0	0	13-12-23 15:04:17.520839
383522.7	100.0	0.0	0	13-12-23 15:04:17.542988
511234.9	100.0	0.0	0	13-12-23 15:04:17.567711
670876.5	100.0	0.0	0	13-12-23 15:04:17.589455
798570.4	100.0	0.0	0	13-12-23 15:04:17.611132
958183.6	100.0	0.0	0	13-12-23 15:04:17.636428
1149748.0	100.0	0.0	0	13-12-23 15:04:17.665453
1277454.0	100.0	0.0	0	13-12-23 15:04:17.687585
1468997.0	100.0	0.0	0	13-12-23 15:04:17.715651
1544300.0	100.0	0.0	0	13-12-23 15:04:17.738725
1416583.0	100.0	0.0	0	13-12-23 15:04:17.766368
1225050.0	100.0	0.0	0	13-12-23 15:04:17.788590
1097361.0	100.0	0.0	0	13-12-23 15:04:17.810734
969654.0	100.0	0.0	0	13-12-23 15:04:17.833306
810023.5	100.0	0.0	0	13-12-23 15:04:17.859596
650387.6	100.0	0.0	0	13-12-23 15:04:17.881853
522702.7	100.0	0.0	0	13-12-23 15:04:17.903234
331192.9	100.0	0.0	0	13-12-23 15:04:17.932344
203510.3	100.0	0.0	0	13-12-23 15:04:17.954973
43892.39	100.0	0.0	0	13-12-23 15:04:17.982821
-115740.7	100.0	0.0	0	13-12-23 15:04:18.005330
-275380.1	100.0	0.0	0	13-12-23 15:04:18.026967
-403087.9	100.0	0.0	0	13-12-23 15:04:18.053495
-594670.0	100.0	0.0	0	13-12-23 15:04:18.076990
-754278.8	100.0	0.0	0	13-12-23 15:04:18.103865
-913883.8	100.0	0.0	0	13-12-23 15:04:18.131125
-1073525.0	100.0	0.0	0	13-12-23 15:04:18.152862
-1233226.0	100.0	0.0	0	13-12-23 15:04:18.181166
-1392847.0	100.0	0.0	0	13-12-23 15:04:18.204711
-1520489.0	100.0	0.0	0	13-12-23 15:04:18.232390
-1436374.0	100.0	0.0	0	13-12-23 15:04:18.253709
-1276753.0	100.0	0.0	0	13-12-23 15:04:18.281681
-1117154.0	100.0	0.0	0	13-12-23 15:04:18.304125
-989458.8	100.0	0.0	0	13-12-23 15:04:18.325738
-829850.8	100.0	0.0	0	13-12-23 15:04:18.350088
-702154.7	100.0	0.0	0	13-12-23 15:04:18.371794
-542561.4	100.0	0.0	0	13-12-23 15:04:18.393142
-414891.1	100.0	0.0	0	13-12-23 15:04:18.414612
-287218.7	100.0	0.0	0	13-12-23 15:04:18.436778
-95693.13	100.0	0.0	0	13-12-23 15:04:18.464608
31992.07	100.0	0.0	0	13-12-23 15:04:18.486418
159689.8	100.0	0.0	0	13-12-23 15:04:18.508184
319321.4	100.0	0.0	0	13-12-23 15:04:18.533312
447012.7	100.0	0.0	0	13-12-23 15:04:18.555232
606624.9	100.0	0.0	0	13-12-23 15:04:18.577093
766233.6	100.0	0.0	0	13-12-23 15:04:18.603883
925842.9	100.0	0.0	0	13-12-23 15:04:18.631901
1085446.0	100.0	0.0	0	13-12-23 15:04:18.653914
1277034.0	100.0	0.0	0	13-12-23 15:04:18.682040
1404713.0	100.0	0.0	0	13-12-23 15:04:18.704351
1532342.0	100.0	0.0	0	13-12-23 15:04:18.726388
1480411.0	100.0	0.0	0	13-12-23 15:04:18.751582
1320812.0	100.0	0.0	0	13-12-23 15:04:18.773275
1193171.0	100.0	0.0	0	13-12-23 15:04:18.794948
1033564.0	100.0	0.0	0	13-12-23 15:04:18.820301
873974.1	100.0	0.0	0	13-12-23 15:04:18.848177
714406.4	100.0	0.0	0	13-12-23 15:04:18.869591
522905.6	100.0	0.0	0	13-12-23 15:04:18.898395
395260.7	100.0	0.0	0	13-12-23 15:04:18.920711
267584.3	100.0	0.0	0	13-12-23 15:04:18.942870
107992.9	100.0	0.0	0	13-12-23 15:04:18.966960
-19687.47	100.0	0.0	0	13-12-23 15:04:18.989317
-179282.0	100.0	0.0	0	13-12-23 15:04:19.011115
-306946.6	100.0	0.0	0	13-12-23 15:04:19.033360
-466542.7	100.0	0.0	0	13-12-23 15:04:19.056859
-626122.6	100.0	0.0	0	13-12-23 15:04:19.081695
-753792.3	100.0	0.0	0	13-12-23 15:04:19.104580
-913363.6	100.0	0.0	0	13-12-23 15:04:19.126131
-1041009.0	100.0	0.0	0	13-12-23 15:04:19.150592
-1200560.0	100.0	0.0	0	13-12-23 15:04:19.172820
-1328212.0	100.0	0.0	0	13-12-23 15:04:19.194838
-1519652.0	100.0	0.0	0	13-12-23 15:04:19.221864
-1467957.0	100.0	0.0	0	13-12-23 15:04:19.248621
-1340266.0	100.0	0.0	0	13-12-23 15:04:19.270615
-1148822.0	100.0	0.0	0	13-12-23 15:04:19.298880
-1021174.0	100.0	0.0	0	13-12-23 15:04:19.321616
-861580.8	100.0	0.0	0	13-12-23 15:04:19.348847
-702035.2	100.0	0.0	0	13-12-23 15:04:19.370842
-510550.5	100.0	0.0	0	13-12-23 15:04:19.398412
-382890.8	100.0	0.0	0	13-12-23 15:04:19.421063
-223319.9	100.0	0.0	0	13-12-23 15:04:19.443398
-95647.47	100.0	0.0	0	13-12-23 15:04:19.467229
63974.56	100.0	0.0	0	13-12-23 15:04:19.488793
191652.2	100.0	0.0	0	13-12-23 15:04:19.510730
383174.8	100.0	0.0	0	13-12-23 15:04:19.538438
542772.8	100.0	0.0	0	13-12-23 15:04:19.565088
670465.0	100.0	0.0	0	13-12-23 15:04:19.586565
861949.0	100.0	0.0	0	13-12-23 15:04:19.614772
989571.7	100.0	0.0	0	13-12-23 15:04:19.637231
1149097.0	100.0	0.0	0	13-12-23 15:04:19.659143
1276730.0	100.0	0.0	0	13-12-23 15:04:19.683785
1436262.0	100.0	0.0	0	13-12-23 15:04:19.705752
1563879.0	100.0	0.0	0	13-12-23 15:04:19.728387
1506217.0	100.0	0.0	0	13-12-23 15:04:19.754947
1314786.0	100.0	0.0	0	13-12-23 15:04:19.782328
1187154.0	100.0	0.0	0	13-12-23 15:04:19.804208
1027617.0	100.0	0.0	0	13-12-23 15:04:19.831856
868062.3	100.0	0.0	0	13-12-23 15:04:19.854401
740427.0	100.0	0.0	0	13-12-23 15:04:19.876470
580859.3	100.0	0.0	0	13-12-23 15:04:19.903965
421314.4	100.0	0.0	0	13-12-23 15:04:19.926076
261781.4	100.0	0.0	0	13-12-23 15:04:19.950214
134140.4	100.0	0.0	0	13-12-23 15:04:19.972252
-25411.05	100.0	0.0	0	13-12-23 15:04:19.994222
-185002.1	100.0	0.0	0	13-12-23 15:04:20.021048
-344624.6	100.0	0.0	0	13-12-23 15:04:20.048512
-504228.4	100.0	0.0	0	13-12-23 15:04:20.070516
-663881.2	100.0	0.0	0	13-12-23 15:04:20.098451
-791589.2	100.0	0.0	0	13-12-23 15:04:20.121331
-951182.3	100.0	0.0	0	13-12-23 15:04:20.143254
-1078845.0	100.0	0.0	0	13-12-23 15:04:20.170816
-1270302.0	100.0	0.0	0	13-12-23 15:04:20.192744
-1429843.0	100.0	0.0	0	13-12-23 15:04:20.216776
-1500009.0	100.0	0.0	0	13-12-23 15:04:20.238722
-1404290.0	100.0	0.0	0	13-12-23 15:04:20.260549
-1244748.0	100.0	0.0	0	13-12-23 15:04:20.287986
-829874.5	100.0	0.0	0	13-12-23 15:04:20.353257
-670297.5	100.0	0.0	0	13-12-23 15:04:20.375123
-542613.9	100.0	0.0	0	13-12-23 15:04:20.397321
-414924.1	100.0	0.0	0	13-12-23 15:04:20.419200
-223434.3	100.0	0.0	0	13-12-23 15:04:20.447473
-95778.88	100.0	0.0	0	13-12-23 15:04:20.469322
95690.28	100.0	0.0	0	13-12-23 15:04:20.497608
223351.4	100.0	0.0	0	13-12-23 15:04:20.520775
382981.4	100.0	0.0	0	13-12-23 15:04:20.542720
542591.7	100.0	0.0	0	13-12-23 15:04:20.566736
670296.2	100.0	0.0	0	13-12-23 15:04:20.588782
829949.3	100.0	0.0	0	13-12-23 15:04:20.610616
989585.8	100.0	0.0	0	13-12-23 15:04:20.638498
1149201.0	100.0	0.0	0	13-12-23 15:04:20.665456
1308765.0	100.0	0.0	0	13-12-23 15:04:20.687131
1468350.0	100.0	0.0	0	13-12-23 15:04:20.714552
1570549.0	100.0	0.0	0	13-12-23 15:04:20.737666
1417348.0	100.0	0.0	0	13-12-23 15:04:20.759777
1225873.0	100.0	0.0	0	13-12-23 15:04:20.787120
1066288.0	100.0	0.0	0	13-12-23 15:04:20.815108
906685.1	100.0	0.0	0	13-12-23 15:04:20.837949
779000.2	100.0	0.0	0	13-12-23 15:04:20.859832
619377.0	100.0	0.0	0	13-12-23 15:04:20.884414
491677.3	100.0	0.0	0	13-12-23 15:04:20.906892
332028.0	100.0	0.0	0	13-12-23 15:04:20.929180
172380.8	100.0	0.0	0	13-12-23 15:04:20.955397
12739.19	100.0	0.0	0	13-12-23 15:04:20.981374
-146910.8	100.0	0.0	0	13-12-23 15:04:21.002928
-306515.5	100.0	0.0	0	13-12-23 15:04:21.031981
-466137.1	100.0	0.0	0	13-12-23 15:04:21.054351
-593812.2	100.0	0.0	0	13-12-23 15:04:21.076462
-753442.3	100.0	0.0	0	13-12-23 15:04:21.100904
-913065.2	100.0	0.0	0	13-12-23 15:04:21.122682
-1040774.0	100.0	0.0	0	13-12-23 15:04:21.144388
-1200389.0	100.0	0.0	0	13-12-23 15:04:21.172748
-1360017.0	100.0	0.0	0	13-12-23 15:04:21.198080
-1519649.0	100.0	0.0	0	13-12-23 15:04:21.219637
-1532790.0	100.0	0.0	0	13-12-23 15:04:21.248340
-1373215.0	100.0	0.0	0	13-12-23 15:04:21.270958
-1245570.0	100.0	0.0	0	13-12-23 15:04:21.292908
-1085985.0	100.0	0.0	0	13-12-23 15:04:21.317309
-958291.2	100.0	0.0	0	13-12-23 15:04:21.339633
-830604.2	100.0	0.0	0	13-12-23 15:04:21.361720
-639063.4	100.0	0.0	0	13-12-23 15:04:21.388337
-479449.0	100.0	0.0	0	13-12-23 15:04:21.415113
-351757.1	100.0	0.0	0	13-12-23 15:04:21.436736
-160205.1	100.0	0.0	0	13-12-23 15:04:21.465181
-32513.68	100.0	0.0	0	13-12-23 15:04:21.488401
159026.6	100.0	0.0	0	13-12-23 15:04:21.517365
318637.0	100.0	0.0	0	13-12-23 15:04:21.539521
478227.9	100.0	0.0	0	13-12-23 15:04:21.566972
637827.4	100.0	0.0	0	13-12-23 15:04:21.589347
765516.2	100.0	0.0	0	13-12-23 15:04:21.611316
957017.7	100.0	0.0	0	13-12-23 15:04:21.638163
1116628.0	100.0	0.0	0	13-12-23 15:04:21.664935
1244340.0	100.0	0.0	0	13-12-23 15:04:21.686757
1435878.0	100.0	0.0	0	13-12-23 15:04:21.715641
1563558.0	100.0	0.0	0	13-12-23 15:04:21.737942
1449227.0	100.0	0.0	0	13-12-23 15:04:21.765311
1289646.0	100.0	0.0	0	13-12-23 15:04:21.786955
1098162.0	100.0	0.0	0	13-12-23 15:04:21.814977
970462.4	100.0	0.0	0	13-12-23 15:04:21.838278
810854.2	100.0	0.0	0	13-12-23 15:04:21.866846
619316.6	100.0	0.0	0	13-12-23 15:04:21.889081
459708.6	100.0	0.0	0	13-12-23 15:04:21.916915
300093.1	100.0	0.0	0	13-12-23 15:04:21.939380
172397.0	100.0	0.0	0	13-12-23 15:04:21.961491
-19145.55	100.0	0.0	0	13-12-23 15:04:21.988779
-178744.9	100.0	0.0	0	13-12-23 15:04:22.015346
-306423.1	100.0	0.0	0	13-12-23 15:04:22.037283
-497892.7	100.0	0.0	0	13-12-23 15:04:22.064641
-625554.9	100.0	0.0	0	13-12-23 15:04:22.088227
-785105.4	100.0	0.0	0	13-12-23 15:04:22.115145
-944694.5	100.0	0.0	0	13-12-23 15:04:22.136633
-1136174.0	100.0	0.0	0	13-12-23 15:04:22.164228
-1263845.0	100.0	0.0	0	13-12-23 15:04:22.186599
-1423460.0	100.0	0.0	0	13-12-23 15:04:22.208455
-1551115.0	100.0	0.0	0	13-12-23 15:04:22.233287
-1436960.0	100.0	0.0	0	13-12-23 15:04:22.255315
-1309264.0	100.0	0.0	0	13-12-23 15:04:22.277262
-1117778.0	100.0	0.0	0	13-12-23 15:04:22.304796
-958169.5	100.0	0.0	0	13-12-23 15:04:22.331610
-830482.1	100.0	0.0	0	13-12-23 15:04:22.353593
-638955.8	100.0	0.0	0	13-12-23 15:04:22.382111
-479323.3	100.0	0.0	0	13-12-23 15:04:22.404361
-351580.5	100.0	0.0	0	13-12-23 15:04:22.426310
-191909.5	100.0	0.0	0	13-12-23 15:04:22.451330
-64183.58	100.0	0.0	0	13-12-23 15:04:22.473253
95492.3	100.0	0.0	0	13-12-23 15:04:22.495422
255125.7	100.0	0.0	0	13-12-23 15:04:22.522508
414759.7	100.0	0.0	0	13-12-23 15:04:22.548166
574357.5	100.0	0.0	0	13-12-23 15:04:22.570004
989308.7	100.0	0.0	0	13-12-23 15:04:22.636362
1116996.0	100.0	0.0	0	13-12-23 15:04:22.658558
1276607.0	100.0	0.0	0	13-12-23 15:04:22.681505
1404307.0	100.0	0.0	0	13-12-23 15:04:22.702905
1595835.0	100.0	0.0	0	13-12-23 15:04:22.731872
1506885.0	100.0	0.0	0	13-12-23 15:04:22.754692
1347271.0	100.0	0.0	0	13-12-23 15:04:22.776996
1219566.0	100.0	0.0	0	13-12-23 15:04:22.800635
1059947.0	100.0	0.0	0	13-12-23 15:04:22.822946
932235.0	100.0	0.0	0	13-12-23 15:04:22.845215
740661.7	100.0	0.0	0	13-12-23 15:04:22.872400
581056.0	100.0	0.0	0	13-12-23 15:04:22.898150
453355.6	100.0	0.0	0	13-12-23 15:04:22.919529
261770.1	100.0	0.0	0	13-12-23 15:04:22.948437
134018.0	100.0	0.0	0	13-12-23 15:04:22.970758
-25657.86	100.0	0.0	0	13-12-23 15:04:22.992580
-153392.8	100.0	0.0	0	13-12-23 15:04:23.017844
-313089.7	100.0	0.0	0	13-12-23 15:04:23.039831
-440840.9	100.0	0.0	0	13-12-23 15:04:23.061971
-600488.7	100.0	0.0	0	13-12-23 15:04:23.088567
-760118.1	100.0	0.0	0	13-12-23 15:04:23.114853
-919814.3	100.0	0.0	0	13-12-23 15:04:23.136228
-1079529.0	100.0	0.0	0	13-12-23 15:04:23.165058
-1239190.0	100.0	0.0	0	13-12-23 15:04:23.186893
-1366913.0	100.0	0.0	0	13-12-23 15:04:23.208679
-1526518.0	100.0	0.0	0	13-12-23 15:04:23.234435
-1430748.0	100.0	0.0	0	13-12-23 15:04:23.256344
-1303068.0	100.0	0.0	0	13-12-23 15:04:23.278396
-1143425.0	100.0	0.0	0	13-12-23 15:04:23.304597
-983804.0	100.0	0.0	0	13-12-23 15:04:23.331555
-824139.4	100.0	0.0	0	13-12-23 15:04:23.352933
-664468.4	100.0	0.0	0	13-12-23 15:04:23.381493
-504844.8	100.0	0.0	0	13-12-23 15:04:23.404923
-377139.0	100.0	0.0	0	13-12-23 15:04:23.432052
-185579.1	100.0	0.0	0	13-12-23 15:04:23.453842
-25897.45	100.0	0.0	0	13-12-23 15:04:23.482012
133781.3	100.0	0.0	0	13-12-23 15:04:23.506322
293473.6	100.0	0.0	0	13-12-23 15:04:23.528633
421226.6	100.0	0.0	0	13-12-23 15:04:23.552782
612826.0	100.0	0.0	0	13-12-23 15:04:23.581748
772475.1	100.0	0.0	0	13-12-23 15:04:23.604269
900195.5	100.0	0.0	0	13-12-23 15:04:23.626654
1059914.0	100.0	0.0	0	13-12-23 15:04:23.651108
1187660.0	100.0	0.0	0	13-12-23 15:04:23.673430
1347304.0	100.0	0.0	0	13-12-23 15:04:23.695518
1506969.0	100.0	0.0	0	13-12-23 15:04:23.723050
1546105.0	100.0	0.0	0	13-12-23 15:04:23.749445
1386456.0	100.0	0.0	0	13-12-23 15:04:23.771656
1226796.0	100.0	0.0	0	13-12-23 15:04:23.800327
1067148.0	100.0	0.0	0	13-12-23 15:04:23.822811
939434.2	100.0	0.0	0	13-12-23 15:04:23.844887
747869.9	100.0	0.0	0	13-12-23 15:04:23.872182
588204.1	100.0	0.0	0	13-12-23 15:04:23.898315
460491.5	100.0	0.0	0	13-12-23 15:04:23.920474
268894.1	100.0	0.0	0	13-12-23 15:04:23.948666
141164.5	100.0	0.0	0	13-12-23 15:04:23.971645
-18497.03	100.0	0.0	0	13-12-23 15:04:23.993325
-146218.9	100.0	0.0	0	13-12-23 15:04:24.020745
-337794.8	100.0	0.0	0	13-12-23 15:04:24.042873
-465504.9	100.0	0.0	0	13-12-23 15:04:24.067864
-625119.9	100.0	0.0	0	13-12-23 15:04:24.089714
-752820.9	100.0	0.0	0	13-12-23 15:04:24.111831
-912395.2	100.0	0.0	0	13-12-23 15:04:24.139182
-1071983.0	100.0	0.0	0	13-12-23 15:04:24.165003
-1231554.0	100.0	0.0	0	13-12-23 15:04:24.186969
-1494171.0	100.0	0.0	0	13-12-23 15:04:24.250889
-1334529.0	100.0	0.0	0	13-12-23 15:04:24.273101
-1206799.0	100.0	0.0	0	13-12-23 15:04:24.297813
-1047133.0	100.0	0.0	0	13-12-23 15:04:24.319637
-887447.5	100.0	0.0	0	13-12-23 15:04:24.347844
-727825.8	100.0	0.0	0	13-12-23 15:04:24.370803
-600115.3	100.0	0.0	0	13-12-23 15:04:24.393070
-440485.5	100.0	0.0	0	13-12-23 15:04:24.417720
-280828.6	100.0	0.0	0	13-12-23 15:04:24.440051
-153102.6	100.0	0.0	0	13-12-23 15:04:24.467401
70390.17	100.0	0.0	0	13-12-23 15:04:24.500717
230032.9	100.0	0.0	0	13-12-23 15:04:24.522763
421593.6	100.0	0.0	0	13-12-23 15:04:24.550630
549294.9	100.0	0.0	0	13-12-23 15:04:24.572393
708909.8	100.0	0.0	0	13-12-23 15:04:24.594735
868519.7	100.0	0.0	0	13-12-23 15:04:24.622680
1028106.0	100.0	0.0	0	13-12-23 15:04:24.648235
1187715.0	100.0	0.0	0	13-12-23 15:04:24.670809
1347335.0	100.0	0.0	0	13-12-23 15:04:24.699060
1506995.0	100.0	0.0	0	13-12-23 15:04:24.721089
1570848.0	100.0	0.0	0	13-12-23 15:04:24.743183
1443152.0	100.0	0.0	0	13-12-23 15:04:24.764767
1283530.0	100.0	0.0	0	13-12-23 15:04:24.787921
1123932.0	100.0	0.0	0	13-12-23 15:04:24.814912
964353.2	100.0	0.0	0	13-12-23 15:04:24.837414
836678.0	100.0	0.0	0	13-12-23 15:04:24.859828
677114.4	100.0	0.0	0	13-12-23 15:04:24.884717
517562.5	100.0	0.0	0	13-12-23 15:04:24.907079
389928.2	100.0	0.0	0	13-12-23 15:04:24.937183
198396.1	100.0	0.0	0	13-12-23 15:04:24.959281
38761.73	100.0	0.0	0	13-12-23 15:04:24.984871
-120880.9	100.0	0.0	0	13-12-23 15:04:25.006626
-248581.5	100.0	0.0	0	13-12-23 15:04:25.029044
-440174.0	100.0	0.0	0	13-12-23 15:04:25.056143
-567875.9	100.0	0.0	0	13-12-23 15:04:25.081537
-727500.5	100.0	0.0	0	13-12-23 15:04:25.103688
-919065.1	100.0	0.0	0	13-12-23 15:04:25.132766
-1046796.0	100.0	0.0	0	13-12-23 15:04:25.155325
-1174498.0	100.0	0.0	0	13-12-23 15:04:25.177423
-1366082.0	100.0	0.0	0	13-12-23 15:04:25.205272
-1525702.0	100.0	0.0	0	13-12-23 15:04:25.231594
-1501307.0	100.0	0.0	0	13-12-23 15:04:25.253682
-1309730.0	100.0	0.0	0	13-12-23 15:04:25.282019
-1150103.0	100.0	0.0	0	13-12-23 15:04:25.309898
-958585.6	100.0	0.0	0	13-12-23 15:04:25.336924
-767047.7	100.0	0.0	0	13-12-23 15:04:25.365112
-639340.2	100.0	0.0	0	13-12-23 15:04:25.387174
-447787.6	100.0	0.0	0	13-12-23 15:04:25.414991
-320089.2	100.0	0.0	0	13-12-23 15:04:25.438440
-160444.5	100.0	0.0	0	13-12-23 15:04:25.465624
-774.31	100.0	0.0	0	13-12-23 15:04:25.488013
158908.0	100.0	0.0	0	13-12-23 15:04:25.510055
286623.0	100.0	0.0	0	13-12-23 15:04:25.532704
414352.6	100.0	0.0	0	13-12-23 15:04:25.555387
573979.5	100.0	0.0	0	13-12-23 15:04:25.581530
733615.2	100.0	0.0	0	13-12-23 15:04:25.603777
861326.4	100.0	0.0	0	13-12-23 15:04:25.626074
1020990.0	100.0	0.0	0	13-12-23 15:04:25.650997
1148721.0	100.0	0.0	0	13-12-23 15:04:25.673292
1308404.0	100.0	0.0	0	13-12-23 15:04:25.695576
1499963.0	100.0	0.0	0	13-12-23 15:04:25.725265
1547080.0	100.0	0.0	0	13-12-23 15:04:25.747759
1387439.0	100.0	0.0	0	13-12-23 15:04:25.770519
1227730.0	100.0	0.0	0	13-12-23 15:04:25.798209
1099962.0	100.0	0.0	0	13-12-23 15:04:25.821539
940225.5	100.0	0.0	0	13-12-23 15:04:25.850707
748600.1	100.0	0.0	0	13-12-23 15:04:25.872595
588912.9	100.0	0.0	0	13-12-23 15:04:25.901148
429209.0	100.0	0.0	0	13-12-23 15:04:25.923401
301442.2	100.0	0.0	0	13-12-23 15:04:25.945659
141793.4	100.0	0.0	0	13-12-23 15:04:25.972893
-17843.01	100.0	0.0	0	13-12-23 15:04:25.994618
-145566.1	100.0	0.0	0	13-12-23 15:04:26.017022
-305240.1	100.0	0.0	0	13-12-23 15:04:26.039269
-432976.6	100.0	0.0	0	13-12-23 15:04:26.061488
-592611.5	100.0	0.0	0	13-12-23 15:04:26.083402
-752289.6	100.0	0.0	0	13-12-23 15:04:26.112459
-911962.7	100.0	0.0	0	13-12-23 15:04:26.138530
-1103606.0	100.0	0.0	0	13-12-23 15:04:26.166978
-1263291.0	100.0	0.0	0	13-12-23 15:04:26.189298
-1422956.0	100.0	0.0	0	13-12-23 15:04:26.217870
-1558487.0	100.0	0.0	0	13-12-23 15:04:26.240260
-1438405.0	100.0	0.0	0	13-12-23 15:04:26.267615
-1246823.0	100.0	0.0	0	13-12-23 15:04:26.290216
-1087110.0	100.0	0.0	0	13-12-23 15:04:26.318829
-863546.0	100.0	0.0	0	13-12-23 15:04:26.348664
-735826.2	100.0	0.0	0	13-12-23 15:04:26.370577
-576185.9	100.0	0.0	0	13-12-23 15:04:26.398927
-416515.8	100.0	0.0	0	13-12-23 15:04:26.421404
-288779.3	100.0	0.0	0	13-12-23 15:04:26.450524
-97199.89	100.0	0.0	0	13-12-23 15:04:26.472496
62440.33	100.0	0.0	0	13-12-23 15:04:26.500633
222100.7	100.0	0.0	0	13-12-23 15:04:26.522755
349828.8	100.0	0.0	0	13-12-23 15:04:26.544798
541417.0	100.0	0.0	0	13-12-23 15:04:26.572885
701054.6	100.0	0.0	0	13-12-23 15:04:26.598093
828780.3	100.0	0.0	0	13-12-23 15:04:26.619883
1020370.0	100.0	0.0	0	13-12-23 15:04:26.648815
1180052.0	100.0	0.0	0	13-12-23 15:04:26.671492
1339705.0	100.0	0.0	0	13-12-23 15:04:26.700454
1499349.0	100.0	0.0	0	13-12-23 15:04:26.722586
1515017.0	100.0	0.0	0	13-12-23 15:04:26.750731
1355354.0	100.0	0.0	0	13-12-23 15:04:26.773476
1227659.0	100.0	0.0	0	13-12-23 15:04:26.795608
1036079.0	100.0	0.0	0	13-12-23 15:04:26.823511
876427.9	100.0	0.0	0	13-12-23 15:04:26.848523
748712.1	100.0	0.0	0	13-12-23 15:04:26.870563
557104.9	100.0	0.0	0	13-12-23 15:04:26.898250
429380.1	100.0	0.0	0	13-12-23 15:04:26.921804
237783.9	100.0	0.0	0	13-12-23 15:04:26.950828
78109.07	100.0	0.0	0	13-12-23 15:04:26.973121
-81572.94	100.0	0.0	0	13-12-23 15:04:27.000732
-241244.6	100.0	0.0	0	13-12-23 15:04:27.023551
-368950.7	100.0	0.0	0	13-12-23 15:04:27.045356
-560509.8	100.0	0.0	0	13-12-23 15:04:27.072702
-688184.8	100.0	0.0	0	13-12-23 15:04:27.098571
-847763.4	100.0	0.0	0	13-12-23 15:04:27.120521
-1039288.0	100.0	0.0	0	13-12-23 15:04:27.149084
-1167028.0	100.0	0.0	0	13-12-23 15:04:27.172110
-1294764.0	100.0	0.0	0	13-12-23 15:04:27.193846
-1454405.0	100.0	0.0	0	13-12-23 15:04:27.216158
-1558171.0	100.0	0.0	0	13-12-23 15:04:27.239526
-1406396.0	100.0	0.0	0	13-12-23 15:04:27.265821
-1246746.0	100.0	0.0	0	13-12-23 15:04:27.288249
-1119032.0	100.0	0.0	0	13-12-23 15:04:27.316963
-927413.6	100.0	0.0	0	13-12-23 15:04:27.339474
-735791.6	100.0	0.0	0	13-12-23 15:04:27.367473
-608045.6	100.0	0.0	0	13-12-23 15:04:27.389753
-480308.2	100.0	0.0	0	13-12-23 15:04:27.411415
-320701.4	100.0	0.0	0	13-12-23 15:04:27.433270
-161056.9	100.0	0.0	0	13-12-23 15:04:27.459211
-33325.71	100.0	0.0	0	13-12-23 15:04:27.481955
126311.2	100.0	0.0	0	13-12-23 15:04:27.504842
285936.1	100.0	0.0	0	13-12-23 15:04:27.533637
445562.8	100.0	0.0	0	13-12-23 15:04:27.555519
637099.0	100.0	0.0	0	13-12-23 15:04:27.584141
764781.4	100.0	0.0	0	13-12-23 15:04:27.606382
892453.5	100.0	0.0	0	13-12-23 15:04:27.628428
1083990.0	100.0	0.0	0	13-12-23 15:04:27.657058
1243666.0	100.0	0.0	0	13-12-23 15:04:27.682402
1371376.0	100.0	0.0	0	13-12-23 15:04:27.705354
1562897.0	100.0	0.0	0	13-12-23 15:04:27.733460
1451271.0	100.0	0.0	0	13-12-23 15:04:27.756081
1323531.0	100.0	0.0	0	13-12-23 15:04:27.778822
1163878.0	100.0	0.0	0	13-12-23 15:04:27.805032
1004213.0	100.0	0.0	0	13-12-23 15:04:27.828505
844566.9	100.0	0.0	0	13-12-23 15:04:27.853579
653013.9	100.0	0.0	0	13-12-23 15:04:27.883030
493421.8	100.0	0.0	0	13-12-23 15:04:27.905738
333847.9	100.0	0.0	0	13-12-23 15:04:27.932320
206166.4	100.0	0.0	0	13-12-23 15:04:27.955835
46593.08	100.0	0.0	0	13-12-23 15:04:27.978438
-144929.4	100.0	0.0	0	13-12-23 15:04:28.008724
-304563.3	100.0	0.0	0	13-12-23 15:04:28.031165
-432270.6	100.0	0.0	0	13-12-23 15:04:28.053013
-623781.6	100.0	0.0	0	13-12-23 15:04:28.082599
-751467.4	100.0	0.0	0	13-12-23 15:04:28.105676
-911045.4	100.0	0.0	0	13-12-23 15:04:28.128264
-1102514.0	100.0	0.0	0	13-12-23 15:04:28.157701
-1262134.0	100.0	0.0	0	13-12-23 15:04:28.182109
-1389786.0	100.0	0.0	0	13-12-23 15:04:28.205332
-1549397.0	100.0	0.0	0	13-12-23 15:04:28.227637
-1493644.0	100.0	0.0	0	13-12-23 15:04:28.253251
-1302062.0	100.0	0.0	0	13-12-23 15:04:28.281253
-1174322.0	100.0	0.0	0	13-12-23 15:04:28.304281
-1014688.0	100.0	0.0	0	13-12-23 15:04:28.326412
-855036.1	100.0	0.0	0	13-12-23 15:04:28.350896
-727327.2	100.0	0.0	0	13-12-23 15:04:28.373174
-567693.4	100.0	0.0	0	13-12-23 15:04:28.395259
-408076.9	100.0	0.0	0	13-12-23 15:04:28.422751
-248476.5	100.0	0.0	0	13-12-23 15:04:28.447811
-120816.3	100.0	0.0	0	13-12-23 15:04:28.469775
70671.61	100.0	0.0	0	13-12-23 15:04:28.498563
198373.7	100.0	0.0	0	13-12-23 15:04:28.520998
358025.2	100.0	0.0	0	13-12-23 15:04:28.543039
517610.5	100.0	0.0	0	13-12-23 15:04:28.567630
645301.5	100.0	0.0	0	13-12-23 15:04:28.589951
804916.1	100.0	0.0	0	13-12-23 15:04:28.612346
964465.9	100.0	0.0	0	13-12-23 15:04:28.639662
1124071.0	100.0	0.0	0	13-12-23 15:04:28.665130
1475198.0	100.0	0.0	0	13-12-23 15:04:28.720949
1547368.0	100.0	0.0	0	13-12-23 15:04:28.742830
1419678.0	100.0	0.0	0	13-12-23 15:04:28.764699
1291975.0	100.0	0.0	0	13-12-23 15:04:28.786568
1100385.0	100.0	0.0	0	13-12-23 15:04:28.815486
940689.7	100.0	0.0	0	13-12-23 15:04:28.837762
812929.1	100.0	0.0	0	13-12-23 15:04:28.860002
653244.6	100.0	0.0	0	13-12-23 15:04:28.885038
493524.4	100.0	0.0	0	13-12-23 15:04:28.915508
301930.0	100.0	0.0	0	13-12-23 15:04:28.938215
174209.1	100.0	0.0	0	13-12-23 15:04:28.965702
14575.48	100.0	0.0	0	13-12-23 15:04:28.988200
-176993.6	100.0	0.0	0	13-12-23 15:04:29.015982
-336676.6	100.0	0.0	0	13-12-23 15:04:29.038627
-464400.2	100.0	0.0	0	13-12-23 15:04:29.060533
-656025.6	100.0	0.0	0	13-12-23 15:04:29.089031
-815711.6	100.0	0.0	0	13-12-23 15:04:29.115084
-943464.3	100.0	0.0	0	13-12-23 15:04:29.137216
-1135086.0	100.0	0.0	0	13-12-23 15:04:29.164983
-1262837.0	100.0	0.0	0	13-12-23 15:04:29.187523
-1422511.0	100.0	0.0	0	13-12-23 15:04:29.209850
-1558713.0	100.0	0.0	0	13-12-23 15:04:29.235480
-1375458.0	100.0	0.0	0	13-12-23 15:04:29.264294
-1247758.0	100.0	0.0	0	13-12-23 15:04:29.287401
-1088141.0	100.0	0.0	0	13-12-23 15:04:29.309499
-928479.1	100.0	0.0	0	13-12-23 15:04:29.334502
-800740.0	100.0	0.0	0	13-12-23 15:04:29.356272
-641083.8	100.0	0.0	0	13-12-23 15:04:29.378596
-481419.0	100.0	0.0	0	13-12-23 15:04:29.406193
-321762.5	100.0	0.0	0	13-12-23 15:04:29.431550
-162135.1	100.0	0.0	0	13-12-23 15:04:29.453733
-2500.05	100.0	0.0	0	13-12-23 15:04:29.481896
157160.9	100.0	0.0	0	13-12-23 15:04:29.505214
348789.2	100.0	0.0	0	13-12-23 15:04:29.535069
540407.6	100.0	0.0	0	13-12-23 15:04:29.564995
668170.7	100.0	0.0	0	13-12-23 15:04:29.587131
859795.9	100.0	0.0	0	13-12-23 15:04:29.614959
987533.7	100.0	0.0	0	13-12-23 15:04:29.637318
1147167.0	100.0	0.0	0	13-12-23 15:04:29.659728
1306853.0	100.0	0.0	0	13-12-23 15:04:29.684989
1434581.0	100.0	0.0	0	13-12-23 15:04:29.707156
1594260.0	100.0	0.0	0	13-12-23 15:04:29.737580
1451656.0	100.0	0.0	0	13-12-23 15:04:29.759898
1292038.0	100.0	0.0	0	13-12-23 15:04:29.784669
1164365.0	100.0	0.0	0	13-12-23 15:04:29.811513
1004793.0	100.0	0.0	0	13-12-23 15:04:29.836736
845179.6	100.0	0.0	0	13-12-23 15:04:29.858461
685584.2	100.0	0.0	0	13-12-23 15:04:29.885002
526000.6	100.0	0.0	0	13-12-23 15:04:29.906806
398315.4	100.0	0.0	0	13-12-23 15:04:29.928889
206883.1	100.0	0.0	0	13-12-23 15:04:29.957316
79230.97	100.0	0.0	0	13-12-23 15:04:29.981547
-80368.77	100.0	0.0	0	13-12-23 15:04:30.003631
-239967.2	100.0	0.0	0	13-12-23 15:04:30.031485
-399561.1	100.0	0.0	0	13-12-23 15:04:30.054928
-527202.2	100.0	0.0	0	13-12-23 15:04:30.076994
-686781.7	100.0	0.0	0	13-12-23 15:04:30.102164
-814420.4	100.0	0.0	0	13-12-23 15:04:30.132132
-1005865.0	100.0	0.0	0	13-12-23 15:04:30.154291
-1165424.0	100.0	0.0	0	13-12-23 15:04:30.176789
-1325017.0	100.0	0.0	0	13-12-23 15:04:30.201266
-1452733.0	100.0	0.0	0	13-12-23 15:04:30.223291
-1525150.0	100.0	0.0	0	13-12-23 15:04:30.245338
-1365572.0	100.0	0.0	0	13-12-23 15:04:30.273380
-1205975.0	100.0	0.0	0	13-12-23 15:04:30.297916
-1078296.0	100.0	0.0	0	13-12-23 15:04:30.324606
-886815.5	100.0	0.0	0	13-12-23 15:04:30.347974
-759131.2	100.0	0.0	0	13-12-23 15:04:30.372108
-535736.3	100.0	0.0	0	13-12-23 15:04:30.400877
-408077.3	100.0	0.0	0	13-12-23 15:04:30.422385
-216616.9	100.0	0.0	0	13-12-23 15:04:30.450778
-88968.66	100.0	0.0	0	13-12-23 15:04:30.472703
38715.2	100.0	0.0	0	13-12-23 15:04:30.494439
230218.9	100.0	0.0	0	13-12-23 15:04:30.523755
389806.1	100.0	0.0	0	13-12-23 15:04:30.548254
517447.2	100.0	0.0	0	13-12-23 15:04:30.570148
708917.6	100.0	0.0	0	13-12-23 15:04:30.597749
836566.4	100.0	0.0	0	13-12-23 15:04:30.621703
1028035.0	100.0	0.0	0	13-12-23 15:04:30.650887
1187606.0	100.0	0.0	0	13-12-23 15:04:30.672974
1379103.0	100.0	0.0	0	13-12-23 15:04:30.701206
1506805.0	100.0	0.0	0	13-12-23 15:04:30.723291
1547526.0	100.0	0.0	0	13-12-23 15:04:30.745233
1355991.0	100.0	0.0	0	13-12-23 15:04:30.774136
1196373.0	100.0	0.0	0	13-12-23 15:04:30.797937
1068675.0	100.0	0.0	0	13-12-23 15:04:30.819989
877134.6	100.0	0.0	0	13-12-23 15:04:30.848765
749418.7	100.0	0.0	0	13-12-23 15:04:30.871284
589805.2	100.0	0.0	0	13-12-23 15:04:30.898800
430216.5	100.0	0.0	0	13-12-23 15:04:30.920858
270644.2	100.0	0.0	0	13-12-23 15:04:30.948128
111032.3	100.0	0.0	0	13-12-23 15:04:30.970888
-16644.52	100.0	0.0	0	13-12-23 15:04:31.027188
-399665.6	100.0	0.0	0	13-12-23 15:04:31.054947
-559259.0	100.0	0.0	0	13-12-23 15:04:31.076930
-686953.5	100.0	0.0	0	13-12-23 15:04:31.098668
-814660.1	100.0	0.0	0	13-12-23 15:04:31.120573
-1006219.0	100.0	0.0	0	13-12-23 15:04:31.148609
-1133914.0	100.0	0.0	0	13-12-23 15:04:31.171755
-1325477.0	100.0	0.0	0	13-12-23 15:04:31.200673
-1485130.0	100.0	0.0	0	13-12-23 15:04:31.222939
-1470934.0	100.0	0.0	0	13-12-23 15:04:31.250881
-1343243.0	100.0	0.0	0	13-12-23 15:04:31.272759
-1215554.0	100.0	0.0	0	13-12-23 15:04:31.294965
-1024000.0	100.0	0.0	0	13-12-23 15:04:31.323429
-864398.8	100.0	0.0	0	13-12-23 15:04:31.347705
-736693.1	100.0	0.0	0	13-12-23 15:04:31.369490
-545179.7	100.0	0.0	0	13-12-23 15:04:31.397934
-417525.9	100.0	0.0	0	13-12-23 15:04:31.421856
-194147.7	100.0	0.0	0	13-12-23 15:04:31.450839
-66490.35	100.0	0.0	0	13-12-23 15:04:31.472630
124981.7	100.0	0.0	0	13-12-23 15:04:31.500778
252636.0	100.0	0.0	0	13-12-23 15:04:31.522949
380293.4	100.0	0.0	0	13-12-23 15:04:31.545013
571805.2	100.0	0.0	0	13-12-23 15:04:31.572684
731425.2	100.0	0.0	0	13-12-23 15:04:31.598483
859122.0	100.0	0.0	0	13-12-23 15:04:31.621455
1050666.0	100.0	0.0	0	13-12-23 15:04:31.650700
1178355.0	100.0	0.0	0	13-12-23 15:04:31.672908
1369918.0	100.0	0.0	0	13-12-23 15:04:31.701118
1529571.0	100.0	0.0	0	13-12-23 15:04:31.723157
1515660.0	100.0	0.0	0	13-12-23 15:04:31.745413
1324164.0	100.0	0.0	0	13-12-23 15:04:31.773329
1196487.0	100.0	0.0	0	13-12-23 15:04:31.797777
1036874.0	100.0	0.0	0	13-12-23 15:04:31.819186
877270.7	100.0	0.0	0	13-12-23 15:04:31.848039
717710.2	100.0	0.0	0	13-12-23 15:04:31.870426
590063.6	100.0	0.0	0	13-12-23 15:04:31.892023
430509.3	100.0	0.0	0	13-12-23 15:04:31.917881
270971.8	100.0	0.0	0	13-12-23 15:04:31.940092
143321.6	100.0	0.0	0	13-12-23 15:04:31.970159
-48109.67	100.0	0.0	0	13-12-23 15:04:31.992314
-207681.1	100.0	0.0	0	13-12-23 15:04:32.017826
-367245.0	100.0	0.0	0	13-12-23 15:04:32.039807
-494929.7	100.0	0.0	0	13-12-23 15:04:32.062047
-686420.5	100.0	0.0	0	13-12-23 15:04:32.089726
-846019.2	100.0	0.0	0	13-12-23 15:04:32.114772
-973735.4	100.0	0.0	0	13-12-23 15:04:32.136442
-1165287.0	100.0	0.0	0	13-12-23 15:04:32.164603
-1292974.0	100.0	0.0	0	13-12-23 15:04:32.187095
-1452624.0	100.0	0.0	0	13-12-23 15:04:32.209401
-1589362.0	100.0	0.0	0	13-12-23 15:04:32.235690
-1438909.0	100.0	0.0	0	13-12-23 15:04:32.265161
-1279333.0	100.0	0.0	0	13-12-23 15:04:32.288418
-1087773.0	100.0	0.0	0	13-12-23 15:04:32.317649
-960087.8	100.0	0.0	0	13-12-23 15:04:32.339577
-768553.9	100.0	0.0	0	13-12-23 15:04:32.368674
-608962.7	100.0	0.0	0	13-12-23 15:04:32.398559
-417408.5	100.0	0.0	0	13-12-23 15:04:32.421253
-257814.5	100.0	0.0	0	13-12-23 15:04:32.451148
-98202.43	100.0	0.0	0	13-12-23 15:04:32.478342
93301.31	100.0	0.0	0	13-12-23 15:04:32.500874
220965.9	100.0	0.0	0	13-12-23 15:04:32.523581
348629.4	100.0	0.0	0	13-12-23 15:04:32.554474
572059.7	100.0	0.0	0	13-12-23 15:04:32.583985
763580.9	100.0	0.0	0	13-12-23 15:04:32.606055
923188.8	100.0	0.0	0	13-12-23 15:04:32.634264
1082829.0	100.0	0.0	0	13-12-23 15:04:32.691028
1434032.0	100.0	0.0	0	13-12-23 15:04:32.713181
1570993.0	100.0	0.0	0	13-12-23 15:04:32.739146
1420496.0	100.0	0.0	0	13-12-23 15:04:32.764840
1260899.0	100.0	0.0	0	13-12-23 15:04:32.786668
1101229.0	100.0	0.0	0	13-12-23 15:04:32.814920
941577.7	100.0	0.0	0	13-12-23 15:04:32.837428
813874.5	100.0	0.0	0	13-12-23 15:04:32.859345
654275.1	100.0	0.0	0	13-12-23 15:04:32.884491
494607.6	100.0	0.0	0	13-12-23 15:04:32.906469
366888.4	100.0	0.0	0	13-12-23 15:04:32.928582
175313.3	100.0	0.0	0	13-12-23 15:04:32.957281
47625.69	100.0	0.0	0	13-12-23 15:04:32.981288
-112006.3	100.0	0.0	0	13-12-23 15:04:33.003208
-303517.3	100.0	0.0	0	13-12-23 15:04:33.031684
-431182.5	100.0	0.0	0	13-12-23 15:04:33.054334
-558848.9	100.0	0.0	0	13-12-23 15:04:33.083787
-750388.1	100.0	0.0	0	13-12-23 15:04:33.106073
-941907.3	100.0	0.0	0	13-12-23 15:04:33.134433
-1069593.0	100.0	0.0	0	13-12-23 15:04:33.156571
-1229196.0	100.0	0.0	0	13-12-23 15:04:33.178772
-1388761.0	100.0	0.0	0	13-12-23 15:04:33.207275
-1548355.0	100.0	0.0	0	13-12-23 15:04:33.231735
-1471250.0	100.0	0.0	0	13-12-23 15:04:33.253697
-1279723.0	100.0	0.0	0	13-12-23 15:04:33.282522
-1120105.0	100.0	0.0	0	13-12-23 15:04:33.305520
-992394.7	100.0	0.0	0	13-12-23 15:04:33.327717
-864682.2	100.0	0.0	0	13-12-23 15:04:33.354754
-641272.4	100.0	0.0	0	13-12-23 15:04:33.381980
-513585.0	100.0	0.0	0	13-12-23 15:04:33.404644
-322055.9	100.0	0.0	0	13-12-23 15:04:33.433663
-194356.3	100.0	0.0	0	13-12-23 15:04:33.455725
-2850.75	100.0	0.0	0	13-12-23 15:04:33.484463
156787.8	100.0	0.0	0	13-12-23 15:04:33.505968
284472.1	100.0	0.0	0	13-12-23 15:04:33.527838
412124.5	100.0	0.0	0	13-12-23 15:04:33.549304
571691.6	100.0	0.0	0	13-12-23 15:04:33.574653
731284.8	100.0	0.0	0	13-12-23 15:04:33.598781
858973.3	100.0	0.0	0	13-12-23 15:04:33.621502
1050479.0	100.0	0.0	0	13-12-23 15:04:33.650665
1210063.0	100.0	0.0	0	13-12-23 15:04:33.673224
1401525.0	100.0	0.0	0	13-12-23 15:04:33.701109
1529208.0	100.0	0.0	0	13-12-23 15:04:33.723099
1538606.0	100.0	0.0	0	13-12-23 15:04:33.745105
1347096.0	100.0	0.0	0	13-12-23 15:04:33.774058
1187509.0	100.0	0.0	0	13-12-23 15:04:33.798501
1059851.0	100.0	0.0	0	13-12-23 15:04:33.820272
868346.2	100.0	0.0	0	13-12-23 15:04:33.848616
740681.5	100.0	0.0	0	13-12-23 15:04:33.872033
549187.9	100.0	0.0	0	13-12-23 15:04:33.901073
389559.0	100.0	0.0	0	13-12-23 15:04:33.923088
229940.5	100.0	0.0	0	13-12-23 15:04:33.951927
38408.91	100.0	0.0	0	13-12-23 15:04:33.981551
-121186.0	100.0	0.0	0	13-12-23 15:04:34.005251
-312740.9	100.0	0.0	0	13-12-23 15:04:34.034289
-440459.8	100.0	0.0	0	13-12-23 15:04:34.056075
-600101.0	100.0	0.0	0	13-12-23 15:04:34.081702
-759758.2	100.0	0.0	0	13-12-23 15:04:34.104909
-1174781.0	100.0	0.0	0	13-12-23 15:04:34.170625
-1302495.0	100.0	0.0	0	13-12-23 15:04:34.192446
-1462097.0	100.0	0.0	0	13-12-23 15:04:34.214113
-1589781.0	100.0	0.0	0	13-12-23 15:04:34.235958
-1407887.0	100.0	0.0	0	13-12-23 15:04:34.264988
-1280181.0	100.0	0.0	0	13-12-23 15:04:34.286986
-1088647.0	100.0	0.0	0	13-12-23 15:04:34.315150
-960968.3	100.0	0.0	0	13-12-23 15:04:34.337669
-801386.7	100.0	0.0	0	13-12-23 15:04:34.367824
-609915.8	100.0	0.0	0	13-12-23 15:04:34.394970
-450316.2	100.0	0.0	0	13-12-23 15:04:34.417748
-290718.8	100.0	0.0	0	13-12-23 15:04:34.444949
-131108.9	100.0	0.0	0	13-12-23 15:04:34.470556
28446.96	100.0	0.0	0	13-12-23 15:04:34.492597
219938.3	100.0	0.0	0	13-12-23 15:04:34.520141
379535.8	100.0	0.0	0	13-12-23 15:04:34.548188
539141.9	100.0	0.0	0	13-12-23 15:04:34.570511
666845.0	100.0	0.0	0	13-12-23 15:04:34.592151
826474.3	100.0	0.0	0	13-12-23 15:04:34.617743
986084.0	100.0	0.0	0	13-12-23 15:04:34.644472
1145688.0	100.0	0.0	0	13-12-23 15:04:34.671113
1305315.0	100.0	0.0	0	13-12-23 15:04:34.698164
1464898.0	100.0	0.0	0	13-12-23 15:04:34.719595
1516127.0	100.0	0.0	0	13-12-23 15:04:34.748330
1388424.0	100.0	0.0	0	13-12-23 15:04:34.770916
1228786.0	100.0	0.0	0	13-12-23 15:04:34.797701
1069140.0	100.0	0.0	0	13-12-23 15:04:34.818981
877580.2	100.0	0.0	0	13-12-23 15:04:34.848411
749874.1	100.0	0.0	0	13-12-23 15:04:34.870642
590257.8	100.0	0.0	0	13-12-23 15:04:34.892238
430646.2	100.0	0.0	0	13-12-23 15:04:34.918115
302949.6	100.0	0.0	0	13-12-23 15:04:34.939713
175263.0	100.0	0.0	0	13-12-23 15:04:34.961799
15676.28	100.0	0.0	0	13-12-23 15:04:34.992015
-175815.5	100.0	0.0	0	13-12-23 15:04:35.016206
-335379.9	100.0	0.0	0	13-12-23 15:04:35.038626
-463044.6	100.0	0.0	0	13-12-23 15:04:35.060794
-622616.8	100.0	0.0	0	13-12-23 15:04:35.117369
-1005605.0	100.0	0.0	0	13-12-23 15:04:35.144759
-1133269.0	100.0	0.0	0	13-12-23 15:04:35.166132
-1292880.0	100.0	0.0	0	13-12-23 15:04:35.187972
-1452442.0	100.0	0.0	0	13-12-23 15:04:35.215265
